LandisData   "Initial Communities"


 0 0 0 0 0 0 0 0 0 0 0 0 0 0 0 0 
 0 0 0 0 0 0 0 0 0 0 0 0 0 0 0 0 0 0 0 0 0 0 0 0 0 0 0 0 0 0 0 
 0 0 0 0 0 0 0 0 0 0 0 0 0 0 0 0 0 0 0 0 0 



 
 1 0 0 0 0 0 0 0 108 0 0 0 0 0 0 0 
 1 0 0 0 0 0 0 0 0 0 0 0 0 0 0 0 0 0 0 0 0 0 0 0 0 0 0 0 0 0 0 
 1 0 0 0 0 0 0 0 0 0 0 0 0 0 0 0 0 0 0 0 0 




 1 0 0 0 0 0 0 0 0 0 0 0 0 0 0 0 
 1 0 0 0 0 0 0 0 108 108 108 0 0 0 0 0 0 0 0 0 0 0 0 0 0 0 0 0 0 0 0 
 1 0 0 0 0 0 0 0 0 0 0 108 0 0 0 0 0 0 0 0 0 




 1 0 0 0 0 0 0 0 0 0 0 0 0 0 0 0 
 1 0 0 0 0 0 0 0 0 108 0 0 0 0 0 0 0 0 0 0 0 0 0 0 0 0 0 0 0 0 0 
 1 0 0 0 0 0 0 0 0 0 0 0 0 0 0 0 0 0 0 0 0 




 1 0 0 0 0 0 0 0 0 0 0 0 0 0 0 0 
 1 0 0 0 0 0 0 0 0 0 0 0 0 0 0 0 0 0 0 0 0 0 0 0 0 0 0 0 0 0 0 
 1 0 0 0 0 0 0 0 0 0 0 0 0 0 0 0 0 0 0 0 0 




 1 0 0 0 108 0 108 0 0 0 0 108 0 0 0 0 
 1 0 0 0 0 0 0 0 0 0 0 0 0 0 0 0 0 0 0 0 0 0 0 0 0 0 0 0 0 0 0 
 1 0 0 0 0 0 0 0 0 0 0 0 0 0 0 0 0 0 0 0 0 




 1 0 0 0 0 0 0 0 0 0 0 0 0 0 0 0 
 1 0 0 0 0 0 0 0 0 0 0 0 0 0 0 0 0 0 0 0 0 0 0 0 0 0 0 0 0 0 0 
 1 0 0 0 0 0 0 0 0 0 0 0 0 0 0 0 0 0 0 0 0 




 1 0 0 0 108 0 0 0 108 0 0 0 0 0 0 0 
 1 0 0 0 0 0 0 0 0 0 0 0 0 0 0 0 0 0 0 0 0 0 0 0 0 0 0 0 0 0 0 
 1 0 0 0 0 0 0 0 0 0 0 0 0 0 0 0 0 0 0 0 0 




 1 0 0 0 0 0 0 0 0 0 0 0 0 0 0 0 
 1 0 0 0 0 0 0 0 0 0 0 0 0 0 0 0 0 0 0 0 0 0 0 0 0 0 0 0 0 0 0 
 1 0 0 0 0 0 0 0 0 0 0 0 0 0 0 0 0 0 0 0 0 




 1 0 0 0 0 0 0 0 0 0 0 0 0 0 0 0 
 1 0 0 0 0 0 0 0 0 0 0 0 0 0 0 0 0 0 0 0 0 0 0 0 0 0 0 0 0 0 0 
 1 0 0 0 0 0 0 0 0 0 0 0 0 0 0 0 0 0 0 0 0 




 1 0 0 0 0 108 108 0 0 0 0 0 0 0 0 0 
 1 0 0 0 0 0 0 0 0 0 0 0 0 0 0 0 0 0 0 0 0 0 0 0 0 0 0 0 0 0 0 
 1 0 0 0 0 0 0 0 108 0 0 0 0 0 0 0 0 0 0 0 0 




 1 0 1333 1333 0 0 0 0 0 0 0 0 0 0 0 0 
 1 0 0 0 0 0 0 0 0 0 0 0 0 0 0 0 0 0 0 0 0 0 0 0 0 0 0 0 0 0 0 
 1 0 0 0 0 0 0 0 0 0 0 0 0 0 0 0 0 0 0 0 0 




 1 0 0 0 0 0 0 0 0 0 0 0 0 0 0 0 
 1 0 0 0 0 0 0 0 0 0 0 0 0 0 0 0 0 0 0 0 0 0 0 0 0 0 0 0 0 0 0 
 1 0 0 0 0 0 0 0 0 0 0 0 0 0 0 0 0 0 0 0 0 




 1 0 0 0 0 0 0 0 0 0 0 0 0 0 0 0 
 1 0 0 0 0 0 0 0 0 0 0 0 0 0 0 0 0 0 0 0 0 0 0 0 0 0 0 0 0 0 0 
 1 0 0 0 0 0 0 0 0 0 0 0 0 0 0 0 0 0 0 0 0 




 1 0 0 0 0 0 0 0 0 0 0 0 0 0 0 0 
 1 0 0 0 0 0 0 0 0 0 0 0 0 0 0 0 0 0 0 0 0 0 0 0 0 0 0 0 0 0 0 
 1 0 0 0 0 0 0 0 0 0 0 0 0 0 0 0 0 0 0 0 0 




 1 1333 1333 0 108 0 0 0 0 108 0 0 0 0 0 0 
 1 0 0 0 0 0 0 0 0 0 0 0 0 0 0 0 0 0 0 0 0 0 0 0 0 0 0 0 0 0 0 
 1 0 0 0 0 0 0 0 0 0 0 0 0 0 0 0 0 0 0 0 0 




 1 1333 0 0 0 0 0 0 0 0 0 0 0 0 0 0 
 1 0 0 0 0 0 0 0 0 0 0 0 0 0 0 0 0 0 0 0 0 0 0 0 0 0 0 0 0 0 0 
 1 0 0 0 0 0 0 0 0 0 0 0 0 0 0 0 0 0 0 0 0 




 1 0 1333 1333 0 0 0 0 108 108 0 0 0 0 0 0 
 1 0 0 0 0 0 0 108 0 0 0 0 0 0 0 0 0 0 0 0 0 0 0 0 0 0 0 0 0 0 0 
 1 0 0 0 0 0 0 0 0 0 0 0 0 0 0 0 0 0 0 0 0 




 1 0 0 0 0 0 0 0 0 0 0 0 0 0 0 0 
 1 0 0 0 0 0 0 0 0 0 0 0 0 0 0 0 0 0 0 0 0 0 0 0 0 0 0 0 0 0 0 
 1 0 0 0 0 0 108 0 0 0 0 0 0 0 0 0 0 0 0 0 0 




 1 0 0 0 216 0 0 0 0 0 0 0 108 0 0 0 
 1 0 0 0 0 0 0 0 0 0 0 108 0 0 0 0 0 0 0 0 0 0 0 0 0 0 0 0 0 0 0 
 1 0 0 0 0 0 0 0 0 0 0 0 0 0 0 0 0 0 0 0 0 
 



 1 0 0 0 108 0 108 0 0 0 0 0 0 0 0 0 
 1 0 0 0 0 0 0 0 0 0 0 0 0 0 0 0 0 0 0 0 0 0 0 0 0 0 0 0 0 0 0 
 1 0 0 0 0 0 0 0 0 0 0 0 0 0 0 0 0 0 0 0 0 




 1 1333 0 0 0 0 0 0 0 0 0 0 0 0 0 0 
 1 0 0 0 0 0 0 0 0 0 0 0 0 0 0 0 0 0 0 0 0 0 0 0 0 0 0 0 0 0 0 
 1 0 0 0 0 0 0 0 0 0 108 0 0 0 0 0 0 0 0 0 0 



 1 0 0 0 0 0 0 0 0 0 0 0 0 0 0 0 
 1 0 0 0 0 0 0 0 0 0 0 0 0 0 0 0 0 0 0 0 0 0 0 0 0 0 0 0 0 0 0 
 1 0 0 0 0 0 0 0 0 0 0 0 0 0 0 0 0 0 0 0 0 




 1 0 0 0 0 0 0 0 0 0 0 0 0 0 0 0 
 1 0 0 0 0 0 0 0 0 0 216 0 0 0 0 0 0 0 0 0 0 0 0 0 0 0 0 0 0 0 0 
 1 0 0 0 0 0 0 0 0 0 0 0 0 0 0 0 0 0 0 0 0 




 1 0 0 0 0 108 216 108 108 0 0 0 108 0 0 0 
 1 0 0 0 0 0 0 0 0 0 0 0 0 0 0 0 0 0 0 0 0 0 0 0 0 0 0 0 0 0 0 
 1 0 0 0 0 0 0 0 0 0 0 0 0 0 0 0 0 0 0 0 0 




 1 0 0 0 0 0 0 0 0 0 0 0 0 0 0 0 
 1 0 0 0 0 0 0 0 0 0 0 0 0 0 0 0 0 0 0 0 0 0 0 0 0 0 0 0 0 0 0 
 1 0 0 0 0 0 0 0 0 0 0 0 0 0 0 0 0 0 0 0 0 




 1 3999 7998 0 0 0 0 108 0 0 0 0 0 0 0 0 
 1 0 0 0 0 0 0 0 0 0 216 0 0 0 0 0 0 0 0 0 0 0 0 0 0 0 0 0 0 0 0 
 1 0 0 0 0 0 0 0 0 0 0 0 0 0 0 0 0 0 0 0 0 




 1 0 1333 0 108 0 0 0 0 0 0 0 0 0 0 0 
 1 0 0 0 0 0 0 0 0 0 0 0 0 0 0 0 0 0 0 0 0 0 0 0 0 0 0 0 0 0 0 
 1 0 0 0 0 0 0 0 0 0 0 0 0 0 0 0 0 0 0 0 0 
 



 1 0 0 0 0 0 0 0 0 0 0 0 0 0 0 0 
 1 0 0 0 0 0 0 0 0 0 0 0 0 0 0 0 0 0 0 0 0 0 0 0 0 0 0 0 0 0 0 
 1 0 0 0 0 0 0 0 0 108 0 0 0 0 0 0 0 0 0 0 0 




 1 0 2666 0 324 0 0 0 0 0 0 0 0 0 0 0 
 1 0 0 0 0 0 0 0 0 0 0 0 0 0 0 0 0 0 0 0 0 0 0 0 0 0 0 0 0 0 0 
 1 0 0 0 0 0 0 0 0 0 0 0 0 0 0 0 0 0 0 0 0 




 1 1333 0 0 0 0 0 0 0 0 0 0 108 0 0 0 
 1 0 0 0 0 0 0 0 0 0 0 0 0 0 0 0 0 0 0 0 0 0 0 0 0 0 0 0 0 0 0 
 1 0 0 0 0 0 0 0 0 0 0 0 0 0 0 0 0 0 0 0 0 



 1 0 0 0 0 0 0 0 0 0 0 0 0 0 0 0 
 1 0 0 0 0 0 0 0 0 0 0 0 0 0 0 0 0 0 0 0 0 0 0 0 0 0 0 0 0 0 0 
 1 0 0 0 0 0 0 0 0 0 0 0 0 0 0 0 0 0 0 0 0 




 1 0 0 0 0 0 0 0 0 0 0 0 0 0 0 0 
 1 0 0 0 0 0 0 0 0 0 0 0 0 0 0 0 0 0 0 0 0 0 0 0 0 0 0 0 0 0 0 
 1 0 0 0 0 0 0 0 0 0 0 0 0 0 0 0 0 0 0 0 0 




 1 2666 1333 0 324 0 0 0 0 0 108 0 0 0 0 0 
 1 0 0 0 0 0 0 0 0 0 0 0 0 0 0 0 0 0 0 0 0 0 0 0 0 0 0 0 0 0 0 
 1 0 0 0 0 0 0 0 0 0 0 0 0 0 0 0 0 0 0 0 0 




 1 1333 1333 0 216 108 0 0 0 0 0 0 108 0 0 0 
 1 0 0 0 0 0 108 0 0 108 0 0 0 0 0 0 0 0 0 0 0 0 0 0 0 0 0 0 0 0 0 
 1 0 0 0 0 0 0 0 0 0 0 0 0 0 0 0 0 0 0 0 0 




 1 0 0 0 0 0 0 0 0 0 0 108 0 0 0 0 
 1 0 0 0 0 0 0 0 0 0 0 0 0 0 0 0 0 0 0 0 0 0 0 0 0 0 0 0 0 0 0 
 1 0 0 0 0 0 0 0 0 0 0 0 0 0 0 0 0 0 0 0 0 




 1 0 0 0 0 0 0 108 0 0 0 0 0 0 0 0 
 1 0 0 0 0 0 0 0 0 0 0 0 0 0 0 0 0 0 0 0 0 0 0 0 0 0 0 0 0 0 0 
 1 0 0 0 0 0 0 0 0 0 0 0 0 0 0 0 0 0 0 0 0 




 1 0 1333 0 0 216 0 108 108 108 0 108 108 0 0 0 
 1 0 0 0 0 0 0 0 0 108 108 108 0 0 0 0 0 0 0 0 0 0 0 0 0 0 0 0 0 0 0 
 1 0 0 0 0 108 0 0 0 0 0 0 0 0 0 0 0 0 0 0 0 



 1 0 0 0 216 108 108 0 0 0 0 0 0 0 0 0 
 1 0 0 0 0 0 108 0 216 108 108 108 0 0 0 0 0 0 0 0 0 0 0 0 0 0 0 0 0 0 0 
 1 0 0 0 0 0 0 0 0 0 0 0 0 0 0 0 0 0 0 0 0 




 1 2666 1333 0 108 108 0 108 0 0 0 0 0 0 0 0 
 1 0 0 0 0 0 0 108 108 108 216 108 0 0 0 0 0 0 0 0 0 0 0 0 0 0 0 0 0 0 0 
 1 0 0 0 0 0 0 216 0 0 0 0 0 0 0 0 0 0 0 0 0 




 1 0 1333 0 0 432 0 0 0 108 0 0 0 0 0 0 
 1 0 0 0 0 0 0 0 108 108 216 0 0 0 0 0 0 0 0 0 0 0 0 0 0 0 0 0 0 0 0 
 1 0 0 0 0 0 0 0 0 0 0 0 0 0 0 0 0 0 0 0 0 




 1 0 0 0 108 0 108 108 0 0 0 0 0 0 0 0 
 1 0 0 0 0 0 0 0 216 0 0 108 0 0 0 0 0 0 0 0 0 0 0 0 0 0 0 0 0 0 0 
 1 0 0 0 0 0 0 0 0 0 0 0 0 0 0 0 0 0 0 0 0 




 1 1333 5332 0 0 216 0 0 0 0 0 0 0 0 0 0 
 1 0 0 0 0 0 0 0 0 0 0 0 0 0 0 0 0 0 0 0 0 0 0 0 0 0 0 0 0 0 0 
 1 0 0 0 0 0 0 0 0 0 0 0 0 0 0 0 0 0 0 0 0 




 1 0 0 0 0 108 108 108 0 108 216 0 0 0 0 0 
 1 0 0 0 0 0 0 0 0 0 0 0 0 0 0 0 0 0 0 0 0 0 0 0 0 0 0 0 0 0 0 
 1 0 0 0 0 0 0 0 0 0 0 0 0 0 0 0 0 0 0 0 0 




 1 2666 1333 1333 216 432 0 0 0 108 0 0 0 0 0 0 
 1 0 0 0 0 0 324 108 0 108 0 108 0 0 0 0 0 0 0 0 0 0 0 0 0 0 0 0 0 0 0 
 1 0 0 0 0 0 0 0 0 0 0 0 0 0 0 0 0 0 0 0 0 




 1 7998 6665 0 0 108 0 0 0 0 0 0 0 0 0 0 
 1 0 0 0 0 0 108 0 0 0 0 0 0 0 0 0 0 0 0 0 0 0 0 0 0 0 0 0 0 0 0 
 1 0 0 0 0 0 0 0 0 0 0 0 0 0 0 0 0 0 0 0 0 




 1 0 2666 1333 108 0 216 216 0 0 0 0 0 0 0 0 
 1 0 0 0 0 0 0 0 0 216 432 324 0 0 0 0 0 0 0 0 0 0 0 0 0 0 0 0 0 0 0 
 1 0 0 0 0 0 0 0 0 0 0 0 0 0 0 0 0 0 0 0 0 




 1 0 1333 1333 0 216 0 0 0 108 0 0 0 0 0 0 
 1 0 0 0 0 0 108 0 0 0 0 0 0 0 0 0 0 0 0 0 0 0 0 0 0 0 0 0 0 0 0 
 1 0 0 0 0 0 0 0 0 0 0 0 0 0 0 0 0 0 0 0 0 




 1 0 3999 0 108 216 324 108 0 0 0 0 0 0 0 0 
 1 0 0 0 0 0 0 0 0 0 324 324 0 0 0 0 0 0 0 0 0 0 0 0 0 0 0 0 0 0 0 
 1 0 0 0 0 0 0 0 0 0 0 0 0 0 0 0 0 0 0 0 0 




 1 0 0 0 324 0 108 216 216 0 0 0 0 0 0 0 
 1 0 0 0 0 0 0 0 0 0 0 0 0 0 0 0 0 0 0 0 0 0 0 0 0 0 0 0 0 0 0 
 1 0 0 0 0 0 0 0 0 0 0 0 0 0 0 0 0 0 0 0 0 




 1 0 1333 0 0 108 0 0 0 0 0 0 0 0 0 0 
 1 0 0 0 0 0 0 0 0 108 0 0 0 0 0 0 0 0 0 0 0 0 0 0 0 0 0 0 0 0 0 
 1 0 0 0 0 0 0 0 0 0 0 0 0 0 0 0 0 0 0 0 0 




 1 1333 0 0 0 0 0 0 0 0 0 0 0 0 0 0 
 1 0 0 0 0 0 0 108 0 0 0 0 0 0 0 0 0 0 0 0 0 0 0 0 0 0 0 0 0 0 0 
 1 0 0 0 0 0 0 0 0 0 0 0 0 0 0 0 0 0 0 0 0 




 1 0 0 0 0 0 0 0 0 0 0 0 0 0 0 0 
 1 0 0 0 0 0 0 0 0 0 0 0 0 0 0 0 0 0 0 0 0 0 0 0 0 0 0 0 0 0 0 
 1 0 0 0 0 0 0 0 0 0 0 0 0 0 0 0 0 0 0 0 0 




 1 1333 0 0 0 0 0 0 0 0 0 0 0 0 0 0 
 1 0 0 0 0 0 0 0 0 0 0 0 0 0 0 0 0 0 0 0 0 0 0 0 0 0 0 0 0 0 0 
 1 0 0 0 0 0 0 0 0 0 0 0 0 0 0 0 0 0 0 0 0 



 1 0 0 0 0 0 0 0 0 0 0 0 0 0 0 0 
 1 0 0 0 0 0 108 0 0 0 216 0 0 0 0 0 0 0 0 0 0 0 0 0 0 0 0 0 0 0 0 
 1 0 0 0 0 0 0 0 0 0 0 0 0 0 0 0 0 0 0 0 0 




 1 1333 2666 0 108 216 0 0 108 0 0 0 0 0 0 0 
 1 0 0 0 0 0 108 108 108 108 216 108 108 0 0 0 0 0 0 0 0 0 0 0 0 0 0 0 0 0 0 
 1 0 0 0 0 0 0 0 0 0 108 0 0 0 0 0 0 0 0 0 0 




 1 0 0 0 0 0 0 0 0 0 0 0 0 0 0 0 
 1 0 0 0 0 0 0 0 0 0 0 0 0 0 0 0 0 0 0 0 0 0 0 0 0 0 0 0 0 0 0 
 1 0 0 0 0 0 0 0 0 0 0 0 0 0 0 0 0 0 0 0 0 




 1 0 0 0 0 0 0 0 0 0 0 0 0 0 0 0 
 1 0 0 0 0 0 0 0 0 0 0 0 0 0 0 0 0 0 0 0 0 0 0 0 0 0 0 0 0 0 0 
 1 0 0 0 0 0 0 0 0 0 0 0 0 0 0 0 0 0 0 0 0 




 1 0 0 0 0 0 0 0 0 0 0 0 0 0 0 0 
 1 0 0 0 0 0 0 0 0 0 108 0 0 0 0 0 0 0 0 0 0 0 0 0 0 0 0 0 0 0 0 
 1 0 0 0 0 0 0 0 0 0 0 0 0 0 0 0 0 0 0 0 0 




 1 3999 0 1333 216 324 108 108 0 0 0 108 0 0 0 0 
 1 0 0 0 0 0 0 108 108 216 108 216 0 0 0 0 0 0 0 0 0 0 0 0 0 0 0 0 0 0 0 
 1 0 0 0 0 0 0 0 0 0 0 0 0 0 0 0 0 0 0 0 0 




 1 0 0 0 0 0 0 0 0 0 0 0 0 0 0 0 
 1 0 0 0 0 0 0 0 0 0 0 0 0 0 0 0 0 0 0 0 0 0 0 0 0 0 0 0 0 0 0 
 1 0 0 0 0 0 0 0 0 0 0 0 0 0 0 0 0 0 0 0 0 




 1 0 0 0 0 0 0 0 0 0 0 0 0 0 0 0 
 1 0 0 0 0 0 0 0 0 0 0 0 0 0 0 0 0 0 0 0 0 0 0 0 0 0 0 0 0 0 0 
 1 0 0 0 0 0 0 0 0 0 0 0 0 0 0 0 0 0 0 0 0 




 1 0 0 0 0 0 0 0 0 0 0 0 0 0 0 0 
 1 0 0 0 0 0 0 0 0 0 0 0 0 0 0 0 0 0 0 0 0 0 0 0 0 0 0 0 0 0 0 
 1 0 0 0 0 0 0 0 0 0 0 0 0 0 0 0 0 0 0 0 0 




 1 0 0 0 0 0 0 0 0 0 0 0 0 0 0 0 
 1 0 0 0 0 0 0 0 0 0 0 0 0 0 0 0 0 0 0 0 0 0 0 0 0 0 0 0 0 0 0 
 1 0 0 0 0 0 0 0 0 0 0 0 0 0 0 0 0 0 0 0 0 




 1 0 0 0 0 108 0 0 0 0 0 0 0 0 0 0 
 1 0 0 0 0 0 0 0 0 0 0 0 0 0 0 0 0 0 0 0 0 0 0 0 0 0 0 0 0 0 0 
 1 0 0 0 0 0 0 0 0 0 0 0 0 0 0 0 0 0 0 0 0 




 1 0 0 0 0 0 0 0 0 0 0 0 0 0 0 0 
 1 0 0 0 0 0 0 0 0 0 0 0 0 0 0 0 0 0 0 0 0 0 0 0 0 0 0 0 0 0 0 
 1 0 0 0 0 0 0 0 0 0 0 0 0 0 0 0 0 0 0 0 0 



 1 0 0 0 0 0 0 0 0 0 0 0 0 0 0 0 
 1 0 0 0 0 0 0 0 0 0 0 0 0 0 0 0 0 0 0 0 0 0 0 0 0 0 0 0 0 0 0 
 1 0 0 0 0 0 216 0 0 0 108 0 0 0 0 0 0 0 0 0 0 




 1 0 0 0 0 0 0 0 216 0 0 0 0 0 0 0 
 1 0 0 0 0 0 0 0 0 108 0 0 0 0 0 0 0 0 0 0 0 0 0 0 0 0 0 0 0 0 0 
 1 0 0 0 0 0 0 0 0 0 0 0 0 0 0 0 0 0 0 0 0 




 1 0 0 0 0 0 0 0 0 0 0 0 0 0 0 0 
 1 0 0 0 0 0 0 108 0 108 0 0 108 0 0 0 0 0 0 0 0 0 0 0 0 0 0 0 0 0 0 
 1 0 0 0 0 0 0 0 0 0 0 0 0 0 0 0 0 0 0 0 0 




 1 1333 0 0 0 0 0 0 0 0 0 0 0 0 0 0 
 1 0 0 0 0 0 0 0 0 0 0 0 0 0 0 0 0 0 0 0 0 0 0 0 0 0 0 0 0 0 0 
 1 0 0 0 0 0 0 0 0 0 0 0 0 0 0 0 0 0 0 0 0 




 1 0 0 0 0 0 0 0 0 0 0 0 0 0 0 0 
 1 0 0 0 0 0 0 108 216 540 324 108 0 0 0 0 0 0 0 0 0 0 0 0 0 0 0 0 0 0 0 
 1 0 0 0 0 0 0 0 0 0 0 0 0 0 0 0 0 0 0 0 0 




 1 0 0 0 0 0 0 0 0 0 0 0 0 0 0 0 
 1 0 0 0 0 0 0 0 0 0 0 0 0 0 0 0 0 0 0 0 0 0 0 0 0 0 0 0 0 0 0 
 1 0 0 0 0 0 0 0 0 108 216 0 0 0 0 0 0 0 0 0 0 




 1 0 1333 0 0 0 0 0 0 0 108 0 0 0 0 0 
 1 0 0 0 0 0 0 0 0 0 0 0 0 0 0 0 0 0 0 0 0 0 0 0 0 0 0 0 0 0 0 
 1 0 1333 0 0 0 0 0 0 0 0 0 0 0 0 0 0 0 0 0 0 




 1 0 3999 0 0 108 0 0 0 0 0 0 0 0 0 0 
 1 0 0 0 0 0 0 0 0 0 0 0 0 0 0 0 0 0 0 0 0 0 0 0 0 0 0 0 0 0 0 
 1 0 0 0 0 108 0 0 0 0 108 0 0 0 0 0 0 0 0 0 0 




 1 0 0 0 0 0 0 0 0 0 0 0 0 0 0 0 
 1 0 0 0 0 0 0 0 0 0 0 0 0 0 0 0 0 0 0 0 0 0 0 0 0 0 0 0 0 0 0 
 1 0 0 0 0 0 0 0 0 0 0 0 0 0 0 0 0 0 0 0 0 




 1 0 0 0 108 0 0 0 0 0 0 0 0 0 0 0 
 1 0 0 0 0 0 0 0 0 0 0 0 0 0 0 0 0 0 0 0 0 0 0 0 0 0 0 0 0 0 0 
 1 0 0 0 0 0 0 0 0 0 0 0 0 0 0 0 0 0 0 0 0 




 1 1333 1333 0 0 0 0 0 0 0 0 0 0 0 0 0 
 1 0 0 0 0 0 0 0 0 0 0 0 0 0 0 0 0 0 0 0 0 0 0 0 0 0 0 0 0 0 0 
 1 0 0 0 0 0 0 0 0 0 0 0 0 0 0 0 0 0 0 0 0 




 1 2666 3999 0 108 0 0 108 108 0 0 0 0 0 0 0 
 1 0 0 0 0 0 0 0 0 0 0 0 0 0 0 0 0 0 0 0 0 0 0 0 0 0 0 0 0 0 0 
 1 0 0 0 0 0 0 0 0 0 0 0 0 0 0 0 0 0 0 0 0 



 1 3999 1333 2666 0 0 0 0 0 0 0 0 0 0 0 0 
 1 0 0 0 0 0 0 0 0 0 0 0 0 0 0 0 0 0 0 0 0 0 0 0 0 0 0 0 0 0 0 
 1 0 0 0 0 0 0 0 0 0 0 0 0 0 0 0 0 0 0 0 0 




 1 0 0 0 0 0 0 0 0 0 0 0 0 0 0 0 
 1 0 0 0 0 0 0 0 0 0 0 0 0 0 0 0 0 0 0 0 0 0 0 0 0 0 0 0 0 0 0 
 1 0 0 0 0 0 0 0 0 0 0 0 0 0 0 0 0 0 0 0 0 



 1 0 3999 0 108 216 0 0 0 0 0 0 0 0 0 0 
 1 0 0 0 0 0 0 0 0 108 0 0 0 0 0 0 0 0 0 0 0 0 0 0 0 0 0 0 0 0 0 
 1 0 0 0 0 0 0 0 0 0 0 0 0 0 0 0 0 0 0 0 0 




 1 0 0 0 0 0 216 108 0 0 0 0 0 0 0 0 
 1 0 0 0 0 0 0 0 108 0 0 324 0 0 0 0 0 0 0 0 0 0 0 0 0 0 0 0 0 0 0 
 1 0 0 0 0 0 0 0 0 0 0 0 0 0 0 0 0 0 0 0 0 




 1 0 2666 0 0 108 0 0 0 0 0 0 0 0 0 0 
 1 0 0 0 0 0 0 0 0 0 0 0 0 0 0 0 0 0 0 0 0 0 0 0 0 0 0 0 0 0 0 
 1 0 0 0 0 0 0 0 0 0 0 0 0 0 0 0 0 0 0 0 0 




 1 0 0 0 0 0 0 0 0 0 0 0 0 0 0 0 
 1 0 0 0 0 0 0 0 0 0 0 0 0 0 0 0 0 0 0 0 0 0 0 0 0 0 0 0 0 0 0 
 1 0 0 0 0 0 0 0 0 0 0 0 0 0 0 0 0 0 0 0 0 




 1 1333 1333 0 108 108 0 0 0 0 0 0 0 0 0 0 
 1 0 0 0 0 0 0 0 0 0 0 0 0 0 0 0 0 0 0 0 0 0 0 0 0 0 0 0 0 0 0 
 1 0 0 0 0 0 0 0 0 0 0 0 0 0 0 0 0 0 0 0 0 




 1 1333 9331 1333 540 432 108 0 0 0 0 0 0 0 0 0 
 1 0 0 1333 0 0 324 108 108 0 0 0 0 0 0 0 0 0 0 0 0 0 0 0 0 0 0 0 0 0 0 
 1 0 0 0 0 0 0 0 0 0 0 0 0 0 0 0 0 0 0 0 0 




 1 1333 0 0 0 108 0 216 0 0 0 0 108 0 0 0 
 1 0 0 0 0 0 0 0 0 0 0 108 0 0 0 0 0 0 0 0 0 0 0 0 0 0 0 0 0 0 0 
 1 0 0 0 0 0 0 108 216 216 432 0 0 0 0 0 0 0 0 0 0 




 1 0 0 0 432 108 108 216 324 0 0 0 0 0 0 0 
 1 0 0 0 0 0 0 0 108 108 108 0 0 0 0 0 0 0 0 0 0 0 0 0 0 0 0 0 0 0 0 
 1 0 0 0 0 0 0 0 0 0 0 0 0 0 0 0 0 0 0 0 0 




 1 1333 0 1333 0 0 324 0 108 0 0 108 0 0 0 0 
 1 0 0 0 0 0 108 324 216 0 0 108 0 0 0 0 0 0 0 0 0 0 0 0 0 0 0 0 0 0 0 
 1 0 0 0 0 0 0 0 0 0 0 0 0 0 0 0 0 0 0 0 0 




 1 0 1333 2666 324 0 0 0 108 0 0 0 0 0 0 0 
 1 0 0 0 0 0 0 0 0 0 0 0 0 108 0 0 0 0 0 0 0 0 0 0 0 0 0 0 0 0 0 
 1 0 0 0 0 0 0 0 0 0 108 0 0 0 0 0 0 0 0 0 0 




 1 0 0 0 216 108 0 0 0 0 0 0 0 0 0 0 
 1 0 0 0 0 0 0 0 0 0 0 0 0 0 0 0 0 0 0 0 0 0 0 0 0 0 0 0 0 0 0 
 1 0 0 0 0 0 0 0 108 108 108 0 0 0 0 0 0 0 0 0 0 




 1 1333 0 0 216 0 216 0 0 0 0 0 0 0 0 0 
 1 0 0 0 0 0 0 0 0 0 0 0 0 0 0 0 0 0 0 0 0 0 0 0 0 0 0 0 0 0 0 
 1 0 0 0 0 0 0 0 0 0 0 0 0 0 0 0 0 0 0 0 0 




 1 1333 2666 0 432 108 324 324 108 108 108 216 0 0 0 0 
 1 0 0 0 0 0 0 0 0 0 0 0 0 0 0 0 0 0 0 0 0 0 0 0 0 0 0 0 0 0 0 
 1 0 0 0 0 0 0 0 0 0 0 0 0 0 0 0 0 0 0 0 0 




 1 0 0 0 216 108 0 108 0 108 0 0 0 0 0 0 
 1 0 0 0 0 0 216 0 0 108 324 324 0 0 0 0 0 0 0 0 0 0 0 0 0 0 0 0 0 0 0 
 1 0 0 0 0 0 0 0 0 0 108 0 0 0 0 0 0 0 0 0 0 



 1 0 0 1333 1549 540 0 0 108 0 0 0 0 0 0 0 
 1 0 0 0 0 0 0 0 0 0 0 0 0 0 0 0 0 0 0 0 0 0 0 0 0 0 0 0 0 0 0 
 1 0 0 0 0 0 0 0 0 0 0 0 0 0 0 0 0 0 0 0 0 




 1 0 0 0 0 0 0 0 0 0 0 0 0 0 0 0 
 1 0 0 0 0 0 0 0 0 0 0 0 0 0 0 0 0 0 0 0 0 0 0 0 0 0 0 0 0 0 0 
 1 0 0 0 0 0 0 0 0 0 0 0 0 0 0 0 0 0 0 0 0 




 1 0 0 0 0 0 0 0 108 0 0 0 0 0 0 0 
 1 0 0 0 0 0 0 0 0 0 0 0 0 0 0 0 0 0 0 0 0 0 0 0 0 0 0 0 0 0 0 
 1 0 0 0 0 0 0 0 0 0 108 0 0 0 0 0 0 0 0 0 0 




 1 0 1333 0 324 0 0 0 0 0 0 0 0 0 0 0 
 1 0 0 0 0 0 0 0 0 0 0 0 0 0 0 0 0 0 0 0 0 0 0 0 0 0 0 0 0 0 0 
 1 0 0 0 0 0 0 0 0 0 0 0 0 0 0 0 0 0 0 0 0 




 1 0 0 0 0 0 0 0 0 0 0 0 0 0 0 0 
 1 0 0 0 0 0 0 0 0 0 0 0 0 0 0 0 0 0 0 0 0 0 0 0 0 0 0 0 0 0 0 
 1 0 0 0 0 0 0 0 0 0 0 0 0 0 0 0 0 0 0 0 0 




 1 0 1333 1333 0 108 0 0 0 0 0 0 0 0 0 0 
 1 0 0 0 0 0 0 0 0 0 0 0 0 0 0 0 0 0 0 0 0 0 0 0 0 0 0 0 0 0 0 
 1 0 0 0 0 0 0 0 0 0 0 0 0 0 0 0 0 0 0 0 0 




 1 1333 0 0 0 108 108 0 216 216 0 0 0 0 0 0 
 1 0 0 0 0 0 0 108 0 108 0 0 0 0 0 0 0 0 0 0 0 0 0 0 0 0 0 0 0 0 0 
 1 0 0 0 0 0 0 0 0 0 0 0 0 0 0 0 0 0 0 0 0 




 1 0 0 0 0 108 108 0 0 0 0 0 0 0 0 0 
 1 0 0 0 0 0 0 0 108 0 0 108 0 0 0 0 0 0 0 0 0 0 0 0 0 0 0 0 0 0 0 
 1 0 0 0 0 0 0 108 0 216 0 0 0 0 0 0 0 0 0 0 0 




 1 0 0 0 0 0 0 0 0 0 0 0 0 0 0 0 
 1 0 0 0 0 0 0 0 0 0 0 0 0 0 0 0 0 0 0 0 0 0 0 0 0 0 0 0 0 0 0 
 1 0 0 0 0 0 0 0 0 0 108 0 0 0 0 0 0 0 0 0 0 




 1 3999 0 0 0 0 0 0 0 0 108 0 0 0 0 0 
 1 0 0 0 0 0 108 0 108 0 216 108 0 0 0 0 0 0 0 0 0 0 0 0 0 0 0 0 0 0 0 
 1 1333 0 0 0 0 0 0 0 0 108 0 0 0 0 0 0 0 0 0 0 




 1 5332 3999 0 216 108 0 0 0 0 0 0 0 0 0 0 
 1 0 0 0 0 0 0 0 0 108 0 0 0 0 0 0 0 0 0 0 0 0 0 0 0 0 0 0 0 0 0 
 1 0 0 0 0 0 0 0 0 0 0 0 0 0 0 0 0 0 0 0 0 




 1 0 0 0 0 0 0 108 0 0 0 0 0 0 0 0 
 1 0 0 0 0 0 0 0 108 0 0 0 0 0 0 0 0 0 0 0 0 0 0 0 0 0 0 0 0 0 0 
 1 0 0 0 0 0 0 108 0 0 0 0 0 0 0 0 0 0 0 0 0 




 1 1333 1333 0 216 0 0 108 0 0 0 0 0 0 0 0 
 1 0 0 0 0 0 0 0 0 324 0 648 108 0 0 0 0 0 0 0 0 0 0 0 0 0 0 0 0 0 0 
 1 0 0 0 0 0 108 108 0 0 0 0 0 0 0 0 0 0 0 0 0 




 1 0 1333 0 0 216 0 108 108 108 0 108 0 0 0 0 
 1 0 0 0 0 0 0 108 108 0 0 216 0 0 0 0 0 0 0 0 0 0 0 0 0 0 0 0 0 0 0 
 1 0 0 0 0 0 108 0 0 0 0 0 0 0 0 0 0 0 0 0 0 




 1 0 0 0 108 0 0 216 0 0 0 0 0 0 0 0 
 1 0 0 0 0 0 0 0 0 0 0 0 0 0 0 0 0 0 0 0 0 0 0 0 0 0 0 0 0 0 0 
 1 0 0 0 0 0 108 0 0 108 0 0 0 0 0 0 0 0 0 0 0 




 1 3999 0 0 216 108 108 0 0 0 0 0 0 0 0 0 
 1 0 0 0 0 0 0 0 0 0 0 0 0 0 0 0 0 0 0 0 0 0 0 0 0 0 0 0 0 0 0 
 1 0 0 0 0 0 0 108 0 108 0 0 0 0 0 0 0 0 0 0 0 
 



 1 0 0 0 0 0 0 0 0 0 0 0 0 0 0 0 
 1 0 0 0 0 0 0 0 108 0 108 216 0 0 0 0 0 0 0 0 0 0 0 0 0 0 0 0 0 0 0 
 1 0 0 0 0 0 0 0 0 0 0 0 0 0 0 0 0 0 0 0 0 




 1 0 0 0 0 0 0 0 0 0 0 0 0 0 0 0 
 1 0 0 0 0 0 0 0 0 0 0 0 0 0 0 0 0 0 0 0 0 0 0 0 0 0 0 0 0 0 0 
 1 0 0 0 0 0 0 0 0 0 0 0 0 0 0 0 0 0 0 0 0 




 1 0 0 0 0 0 0 0 0 0 0 0 0 0 0 0 
 1 1333 0 0 0 0 0 0 0 0 0 0 0 0 0 0 0 0 0 0 0 0 0 0 0 0 0 0 0 0 0 
 1 0 0 0 0 0 0 108 0 0 0 0 0 0 0 0 0 0 0 0 0 



 1 0 0 0 0 0 0 0 0 0 0 0 0 0 0 0 
 1 0 0 0 0 0 0 0 0 0 0 0 0 0 0 0 0 0 0 0 0 0 0 0 0 0 0 0 0 0 0 
 1 0 0 0 0 0 0 0 0 0 0 0 0 0 0 0 0 0 0 0 0 




 1 0 0 0 216 324 0 0 108 0 0 0 108 0 0 0 
 1 0 0 0 0 0 0 0 0 108 108 216 108 0 0 0 0 0 0 0 0 0 0 0 0 0 0 0 0 0 0 
 1 0 0 0 0 0 0 0 0 0 0 0 0 0 0 0 0 0 0 0 0 




 1 0 1333 0 0 0 0 0 0 0 0 0 0 0 0 0 
 1 0 0 0 0 0 0 0 0 0 0 0 0 0 0 0 0 0 0 0 0 0 0 0 0 0 0 0 0 0 0 
 1 0 0 0 0 0 0 0 0 0 108 108 0 0 0 0 0 0 0 0 0 




 1 0 0 0 0 0 0 0 0 0 0 0 0 0 0 0 
 1 0 0 0 0 0 0 0 0 0 0 0 0 0 0 0 0 0 0 0 0 0 0 0 0 0 0 0 0 0 0 
 1 0 0 0 0 0 0 0 0 0 0 0 0 0 0 0 0 0 0 0 0 




 1 0 0 0 0 0 0 0 0 0 0 0 0 0 0 0 
 1 0 0 0 0 0 0 0 0 0 0 0 0 0 0 0 0 0 0 0 0 0 0 0 0 0 0 0 0 0 0 
 1 0 0 0 0 0 0 0 0 0 0 0 0 0 0 0 0 0 0 0 0 




 1 1333 0 1333 0 0 0 0 0 0 0 0 0 0 0 0 
 1 0 0 0 0 0 0 0 0 0 0 0 0 0 0 0 0 0 0 0 0 0 0 0 0 0 0 0 0 0 0 
 1 0 0 0 0 0 0 0 0 0 0 0 0 0 0 0 0 0 0 0 0 




 1 0 0 0 108 0 0 0 0 0 0 0 0 0 0 0 
 1 0 0 0 0 0 0 0 0 0 0 0 0 0 0 0 0 0 0 0 0 0 0 0 0 0 0 0 0 0 0 
 1 0 0 0 0 0 0 0 0 0 0 0 0 0 0 0 0 0 0 0 0 




 1 1333 2666 1333 108 324 432 108 0 0 0 0 0 0 0 0 
 1 0 0 0 0 0 0 0 0 0 0 0 0 0 0 0 0 0 0 0 0 0 0 0 0 0 0 0 0 0 0 
 1 0 0 0 0 0 0 0 0 0 0 0 0 0 0 0 0 0 0 0 0 




 1 2666 6665 3999 108 0 0 0 0 0 0 0 0 0 0 0 
 1 0 2666 1333 0 1333 540 432 0 0 0 0 0 0 0 0 0 0 0 0 0 0 0 0 0 0 0 0 0 0 0 
 1 0 0 0 0 0 0 0 0 0 0 0 0 0 0 0 0 0 0 0 0 




 1 0 0 1333 0 0 0 0 108 0 108 0 0 0 0 0 
 1 0 0 0 0 0 0 0 0 0 0 0 0 0 0 0 0 0 0 0 0 0 0 0 0 0 0 0 0 0 0 
 1 0 0 0 0 0 0 0 0 0 0 0 0 0 0 0 0 0 0 0 0 




 1 2666 1333 0 216 0 108 0 0 0 0 0 0 0 0 0 
 1 0 0 0 0 0 0 0 0 0 0 0 0 0 0 0 0 0 0 0 0 0 0 0 0 0 0 0 0 0 0 
 1 0 0 0 0 0 0 0 0 0 0 0 0 0 0 0 0 0 0 0 0 




 1 0 1333 0 216 324 0 0 108 0 0 216 0 0 0 0 
 1 0 0 0 0 0 0 0 0 0 0 0 0 0 0 0 0 0 0 0 0 0 0 0 0 0 0 0 0 0 0 
 1 0 0 0 0 0 0 0 0 0 0 0 0 0 0 0 0 0 0 0 0 




 1 0 1333 0 0 0 0 0 0 0 0 0 0 0 0 0 
 1 0 0 0 0 0 0 0 0 0 0 0 0 0 0 0 0 0 0 0 0 0 0 0 0 0 0 0 0 0 0 
 1 0 1333 0 0 0 0 540 324 108 0 0 0 0 0 0 0 0 0 0 0 




 1 2666 2666 0 108 0 0 0 0 0 0 0 0 0 0 0 
 1 0 0 0 0 0 0 0 0 0 0 0 0 0 0 0 0 0 0 0 0 0 0 0 0 0 0 0 0 0 0 
 1 0 0 0 0 0 0 0 0 0 0 0 0 0 0 0 0 0 0 0 0 




 1 1333 0 0 0 0 0 0 0 0 0 0 0 0 0 0 
 1 0 0 0 0 0 0 0 0 0 0 0 0 0 0 0 0 0 0 0 0 0 0 0 0 0 0 0 0 0 0 
 1 0 0 0 0 0 0 0 0 0 0 0 0 0 0 0 0 0 0 0 0 




 1 0 0 0 216 216 216 0 0 0 0 0 0 0 0 0 
 1 0 0 0 1333 0 108 0 324 432 0 0 0 0 0 0 0 0 0 0 0 0 0 0 0 0 0 0 0 0 0 
 1 0 0 0 1333 108 432 0 0 0 0 0 0 0 0 0 0 0 0 0 0 




 1 0 0 0 108 648 108 0 108 0 0 108 0 0 0 0 
 1 0 0 0 0 0 108 216 108 108 0 0 0 0 0 0 0 0 0 0 0 0 0 0 0 0 0 0 0 0 0 
 1 0 0 0 0 0 0 0 0 0 0 0 0 0 0 0 0 0 0 0 0 




 1 0 0 0 432 216 0 0 0 0 0 0 0 0 0 0 
 1 0 0 0 0 0 108 0 0 0 108 0 0 0 0 0 0 0 0 0 0 0 0 0 0 0 0 0 0 0 0 
 1 0 0 0 0 0 0 216 432 108 108 0 0 0 0 0 0 0 0 0 0 




 1 0 0 0 0 0 0 0 0 0 0 0 0 0 0 0 
 1 0 0 0 0 0 0 0 0 0 0 0 0 0 0 0 0 0 0 0 0 0 0 0 0 0 0 0 0 0 0 
 1 0 0 0 0 0 0 0 0 0 0 0 0 0 0 0 0 0 0 0 0 




 1 1333 2666 0 108 108 432 0 0 108 0 0 0 0 0 0 
 1 0 0 0 0 0 324 216 432 324 108 0 0 0 0 0 0 0 0 0 0 0 0 0 0 0 0 0 0 0 0 
 1 0 0 0 0 0 0 0 0 0 0 0 0 0 0 0 0 0 0 0 0 




 1 0 0 0 0 0 0 0 0 0 0 0 0 0 0 0 
 1 0 0 0 0 0 0 0 0 0 0 0 0 0 0 0 0 0 0 0 0 0 0 0 0 0 0 0 0 0 0 
 1 0 0 0 0 0 0 0 0 0 0 0 0 0 0 0 0 0 0 0 0 




 1 0 0 0 0 0 0 0 0 0 0 0 0 0 0 0 
 1 0 0 0 0 0 0 0 0 0 0 0 0 0 0 0 0 0 0 0 0 0 0 0 0 0 0 0 0 0 0 
 1 0 0 0 0 0 0 0 0 0 0 0 0 0 0 0 0 0 0 0 0 




 1 0 0 0 216 216 0 0 108 0 108 0 0 0 0 0 
 1 0 0 0 1333 1333 108 108 216 432 324 108 0 0 0 0 0 0 0 0 0 0 0 0 0 0 0 0 0 0 0 
 1 0 0 0 0 0 0 0 0 0 0 0 0 0 0 0 0 0 0 0 0 



 1 1333 1333 0 216 216 108 0 0 0 0 0 0 0 0 0 
 1 0 0 0 0 0 0 0 0 0 108 0 0 0 0 0 0 0 0 0 0 0 0 0 0 0 0 0 0 0 0 
 1 0 0 0 0 0 0 0 0 0 0 0 0 0 0 0 0 0 0 0 0 




 1 0 0 0 0 0 0 0 0 0 0 0 0 0 0 0 
 1 0 0 0 0 0 0 0 0 0 0 0 0 0 0 0 0 0 0 0 0 0 0 0 0 0 0 0 0 0 0 
 1 0 0 0 0 0 0 0 0 0 0 0 0 0 0 0 0 0 0 0 0 




 1 0 0 0 108 108 108 0 0 0 0 0 0 0 0 0 
 1 0 0 0 0 0 0 0 216 108 324 108 0 0 0 0 0 0 0 0 0 0 0 0 0 0 0 0 0 0 0 
 1 0 0 0 0 0 0 0 0 108 0 0 0 0 0 0 0 0 0 0 0 




 1 0 1333 0 648 216 108 0 0 0 0 108 0 0 0 0 
 1 0 0 0 0 0 108 108 324 0 108 108 0 0 0 0 0 0 0 0 0 0 0 0 0 0 0 0 0 0 0 
 1 0 0 0 0 0 0 0 0 0 0 0 0 0 0 0 0 0 0 0 0 




 1 0 0 0 0 0 108 0 0 0 0 0 0 0 0 0 
 1 0 0 0 0 0 0 0 0 108 0 0 0 0 0 0 0 0 0 0 0 0 0 0 0 0 0 0 0 0 0 
 1 0 0 0 0 0 0 0 0 0 0 0 0 0 0 0 0 0 0 0 0 




 1 0 0 0 0 0 0 0 108 0 0 0 0 0 0 0 
 1 0 0 0 0 0 0 0 0 0 0 0 0 0 0 0 0 0 0 0 0 0 0 0 0 0 0 0 0 0 0 
 1 0 0 0 0 0 0 0 0 0 0 0 0 0 0 0 0 0 0 0 0 




 1 0 0 0 0 324 108 0 0 0 0 0 0 0 0 0 
 1 0 0 0 0 0 0 0 0 0 0 0 0 0 0 0 0 0 0 0 0 0 0 0 0 0 0 0 0 0 0 
 1 0 0 0 0 0 0 0 0 0 0 0 0 0 0 0 0 0 0 0 0 




 1 0 1333 0 108 108 108 108 0 0 0 0 0 0 0 0 
 1 0 0 0 0 0 0 0 0 108 0 0 0 0 0 0 0 0 0 0 0 0 0 0 0 0 0 0 0 0 0 
 1 0 0 0 0 0 0 0 0 0 0 0 0 0 0 0 0 0 0 0 0 




 1 0 0 0 0 0 0 0 108 0 0 0 0 0 0 0 
 1 0 0 0 0 0 0 0 0 0 0 0 0 0 0 0 0 0 0 0 0 0 0 0 0 0 0 0 0 0 0 
 1 0 0 0 0 0 0 0 0 0 0 0 0 0 0 0 0 0 0 0 0 




 1 0 0 0 0 0 0 0 0 0 0 0 0 0 0 0 
 1 0 0 0 0 0 0 0 0 0 0 0 0 0 0 0 0 0 0 0 0 0 0 0 0 0 0 0 0 0 0 
 1 0 0 0 0 0 0 0 0 0 0 0 0 0 0 0 0 0 0 0 0 
 



 1 0 0 0 108 0 0 0 0 0 0 0 0 0 0 0 
 1 0 0 0 0 0 0 0 108 0 0 216 0 0 0 0 0 0 0 0 0 0 0 0 0 0 0 0 0 0 0 
 1 0 0 0 0 0 0 0 0 0 0 0 0 0 0 0 0 0 0 0 0 




 1 1333 0 0 216 108 108 0 0 0 0 0 0 0 0 0 
 1 0 0 0 0 0 108 0 108 0 0 0 0 0 0 0 0 0 0 0 0 0 0 0 0 0 0 0 0 0 0 
 1 0 0 0 0 0 0 0 0 0 108 0 0 0 0 0 0 0 0 0 0 




 1 0 0 0 0 0 0 0 0 0 0 0 0 0 0 0 
 1 0 0 0 0 0 0 0 0 0 0 0 0 0 0 0 0 0 0 0 0 0 0 0 0 0 0 0 0 0 0 
 1 0 0 0 0 0 0 0 0 0 0 0 0 0 0 0 0 0 0 0 0 




 1 0 0 0 0 0 0 0 0 0 0 0 0 0 0 0 
 1 0 0 0 0 0 0 0 0 0 0 0 0 0 0 0 0 0 0 0 0 0 0 0 0 0 0 0 0 0 0 
 1 0 0 0 0 0 0 0 0 0 0 0 0 0 0 0 0 0 0 0 0 




 1 2666 5332 1333 0 0 0 0 0 0 0 0 0 0 0 0 
 1 0 0 0 0 108 216 216 0 0 0 108 0 0 0 0 0 0 0 0 0 0 0 0 0 0 0 0 0 0 0 
 1 0 0 0 0 0 0 0 0 0 0 0 0 0 0 0 0 0 0 0 0 




 1 0 0 0 0 0 0 0 0 0 0 0 0 0 0 0 
 1 0 0 0 0 0 0 0 0 0 0 0 0 0 0 0 0 0 0 0 0 0 0 0 0 0 0 0 0 0 0 
 1 0 0 0 0 0 0 0 0 0 0 0 0 0 0 0 0 0 0 0 0 




 1 0 0 1333 0 0 108 108 0 0 0 0 0 0 0 0 
 1 0 0 0 0 0 0 108 0 216 0 0 0 0 0 0 0 0 0 0 0 0 0 0 0 0 0 0 0 0 0 
 1 0 0 0 0 0 0 0 0 0 0 0 0 0 0 0 0 0 0 0 0 




 1 1333 2666 1333 0 0 0 0 0 0 0 0 0 0 0 0 
 1 0 0 0 0 0 0 0 0 0 0 0 0 0 0 0 0 0 0 0 0 0 0 0 0 0 0 0 0 0 0 
 1 0 0 0 0 0 108 0 108 0 0 0 0 0 0 0 0 0 0 0 0 




 1 0 0 0 0 0 0 0 0 0 0 0 0 0 0 0 
 1 0 0 0 0 0 0 0 0 0 0 108 0 0 0 0 0 0 0 0 0 0 0 0 0 0 0 0 0 0 0 
 1 0 0 0 0 0 0 108 0 0 0 0 0 0 0 0 0 0 0 0 0 




 1 0 0 0 0 0 0 0 0 0 0 0 0 0 0 0 
 1 0 0 0 0 0 0 0 0 0 0 0 0 0 0 0 0 0 0 0 0 0 0 0 0 0 0 0 0 0 0 
 1 0 0 0 0 0 0 0 0 0 0 0 0 0 0 0 0 0 0 0 0 




 1 0 0 0 0 0 0 0 0 0 0 0 0 0 0 0 
 1 0 1333 0 0 0 0 0 0 0 108 108 0 0 0 0 0 0 0 0 0 0 0 0 0 0 0 0 0 0 0 
 1 0 0 0 0 0 0 0 0 0 0 0 0 0 0 0 0 0 0 0 0 




 1 0 0 0 0 0 0 0 0 0 0 0 0 0 0 0 
 1 0 0 0 0 0 0 0 0 0 0 0 0 0 0 0 0 0 0 0 0 0 0 0 0 0 0 0 0 0 0 
 1 0 0 0 0 0 0 0 0 0 0 0 0 0 0 0 0 0 0 0 0 




 1 0 0 0 0 0 0 0 0 0 0 0 0 0 0 0 
 1 0 0 0 0 0 0 0 0 108 0 0 0 0 0 0 0 0 0 0 0 0 0 0 0 0 0 0 0 0 0 
 1 0 0 0 0 0 0 0 0 0 0 0 0 0 0 0 0 0 0 0 0 




 1 0 0 0 0 0 0 0 0 108 0 0 0 0 0 0 
 1 0 0 0 0 0 0 0 0 0 0 0 0 0 0 0 0 0 0 0 0 0 0 0 0 0 0 0 0 0 0 
 1 0 0 0 0 0 0 0 0 0 0 0 0 0 0 0 0 0 0 0 0 




 1 0 0 0 0 0 0 0 0 0 0 0 0 0 0 0 
 1 0 0 0 0 0 0 0 0 0 0 0 0 0 0 0 0 0 0 0 0 0 0 0 0 0 0 0 0 0 0 
 1 0 0 0 0 0 0 0 0 0 0 0 0 0 0 0 0 0 0 0 0 




 1 0 0 0 0 0 0 0 0 0 0 0 0 0 0 0 
 1 0 0 0 0 0 216 108 0 216 108 0 0 0 0 0 0 0 0 0 0 0 0 0 0 0 0 0 0 0 0 
 1 0 0 0 0 0 0 0 0 0 0 0 0 0 0 0 0 0 0 0 0 




 1 0 0 0 0 0 108 0 108 0 0 0 0 0 0 0 
 1 0 0 0 0 0 0 0 0 0 0 0 0 0 0 0 0 0 0 0 0 0 0 0 0 0 0 0 0 0 0 
 1 0 0 0 0 0 0 0 0 0 0 0 0 0 0 0 0 0 0 0 0 




 1 0 0 0 0 108 0 0 0 0 0 0 0 0 0 0 
 1 0 0 0 0 0 0 0 0 108 0 0 0 0 0 0 0 0 0 0 0 0 0 0 0 0 0 0 0 0 0 
 1 0 0 0 0 0 0 0 0 0 0 0 0 0 0 0 0 0 0 0 0 
 



 1 0 0 0 216 0 0 0 0 0 0 0 0 0 0 0 
 1 0 0 0 0 0 0 0 0 0 0 0 0 0 0 0 0 0 0 0 0 0 0 0 0 0 0 0 0 0 0 
 1 0 0 0 0 0 0 0 0 0 0 0 0 0 0 0 0 0 0 0 0 




 1 0 1333 0 0 108 108 0 0 0 0 0 0 0 0 0 
 1 0 0 0 0 0 0 108 0 216 324 108 0 0 0 0 0 0 0 0 0 0 0 0 0 0 0 0 0 0 0 
 1 0 0 0 0 0 108 0 0 0 108 0 0 0 0 0 0 0 0 0 0 




 1 0 0 0 432 1080 108 0 0 0 0 0 0 0 0 0 
 1 0 0 1333 0 0 756 540 648 216 108 108 0 0 0 0 0 0 0 0 0 0 0 0 0 0 0 0 0 0 0 
 1 0 0 0 0 0 0 0 0 0 0 0 0 0 0 0 0 0 0 0 0 




 1 0 0 0 0 0 0 0 0 0 0 0 0 0 0 0 
 1 0 0 0 0 0 0 0 0 0 0 0 0 0 0 0 0 0 0 0 0 0 0 0 0 0 0 0 0 0 0 
 1 0 0 0 0 0 0 0 0 0 0 0 0 0 0 0 0 0 0 0 0 




 1 0 0 0 0 0 0 0 0 0 0 0 0 0 0 0 
 1 0 0 0 0 0 0 0 0 0 0 0 0 0 0 0 0 0 0 0 0 0 0 0 0 0 0 0 0 0 0 
 1 0 0 0 0 0 0 0 0 0 0 0 0 0 0 0 0 0 0 0 0 




 1 0 0 0 108 0 0 0 0 0 0 0 0 0 0 0 
 1 0 0 0 0 0 0 0 0 0 0 0 0 0 0 0 0 0 0 0 0 0 0 0 0 0 0 0 0 0 0 
 1 0 0 0 0 0 0 0 0 0 0 0 0 0 0 0 0 0 0 0 0 




 1 0 2666 0 216 432 108 108 216 0 108 0 0 0 0 0 
 1 0 0 0 0 0 0 108 108 0 108 0 0 0 0 0 0 0 0 0 0 0 0 0 0 0 0 0 0 0 0 
 1 0 0 0 0 0 0 0 0 0 0 0 0 0 0 0 0 0 0 0 0 




 1 3999 5332 2666 0 0 0 0 0 0 0 0 0 0 0 0 
 1 0 0 0 0 0 0 216 0 0 108 108 0 0 0 0 0 0 0 0 0 0 0 0 0 0 0 0 0 0 0 
 1 0 1333 0 0 1333 0 0 0 0 0 0 0 0 0 0 0 0 0 0 0 




 1 0 0 2666 216 108 108 0 0 0 0 0 0 0 0 0 
 1 0 0 0 0 0 108 324 324 648 540 432 0 0 0 0 0 0 0 0 0 0 0 0 0 0 0 0 0 0 0 
 1 0 0 0 0 0 0 0 0 0 0 0 0 0 0 0 0 0 0 0 0 




 1 0 0 0 108 0 0 0 0 0 108 0 0 0 0 0 
 1 0 0 0 0 0 0 0 0 0 0 0 0 0 0 0 0 0 0 0 0 0 0 0 0 0 0 0 0 0 0 
 1 0 0 0 0 0 0 0 0 0 0 0 0 0 0 0 0 0 0 0 0 




 1 1333 0 0 108 108 108 0 108 0 0 0 0 0 0 0 
 1 0 0 0 0 0 0 0 216 0 0 0 0 0 0 0 0 0 0 0 0 0 0 0 0 0 0 0 0 0 0 
 1 0 0 0 0 0 0 0 0 0 0 0 0 0 0 0 0 0 0 0 0 
 



 1 0 0 0 0 0 0 0 0 0 0 0 0 0 0 0 
 1 0 0 0 0 0 0 0 0 0 0 0 0 0 0 0 0 0 0 0 0 0 0 0 0 0 0 0 0 0 0 
 1 0 0 0 0 0 0 0 0 0 0 0 0 0 0 0 0 0 0 0 0 




 1 0 0 1333 0 0 0 216 324 108 0 0 0 0 0 0 
 1 0 0 0 0 0 0 0 0 108 0 0 0 0 0 0 0 0 0 0 0 0 0 0 0 0 0 0 0 0 0 
 1 0 0 0 0 0 0 0 0 0 0 0 0 0 0 0 0 0 0 0 0 




 1 0 0 0 0 0 0 0 108 0 0 0 0 0 0 0 
 1 0 0 0 0 108 0 108 324 0 0 0 0 0 0 0 0 0 0 0 0 0 0 0 0 0 0 0 0 0 0 
 1 0 0 0 0 1333 0 0 0 0 0 0 0 0 0 0 0 0 0 0 0 
 



 1 1333 2666 1333 324 216 108 0 0 0 0 0 0 0 0 0 
 1 0 0 0 0 1333 108 108 108 216 216 216 0 0 0 0 0 0 0 0 0 0 0 0 0 0 0 0 0 0 0 
 1 0 0 0 0 0 0 0 0 0 0 0 0 0 0 0 0 0 0 0 0 




 1 0 0 0 108 0 0 0 0 0 0 0 0 0 0 0 
 1 0 0 0 0 0 0 0 0 0 0 0 0 0 0 0 0 0 0 0 0 0 0 0 0 0 0 0 0 0 0 
 1 0 0 0 0 0 0 0 0 0 0 0 0 0 0 0 0 0 0 0 0 




 1 0 0 0 0 0 0 0 0 0 0 0 0 0 0 0 
 1 0 0 0 0 0 0 0 0 0 0 0 0 0 0 0 0 0 0 0 0 0 0 0 0 0 0 0 0 0 0 
 1 0 0 0 0 0 0 0 0 0 0 0 0 0 0 0 0 0 0 0 0 




 1 0 0 0 0 0 0 0 0 0 0 0 0 0 0 0 
 1 0 0 0 0 0 0 0 0 0 0 0 0 0 0 0 0 0 0 0 0 0 0 0 0 0 0 0 0 0 0 
 1 0 0 0 0 0 0 0 0 0 0 0 0 0 0 0 0 0 0 0 0 




 1 0 0 1333 216 0 108 0 108 0 0 0 0 0 0 0 
 1 0 0 0 0 0 0 0 0 108 0 0 0 0 0 0 0 0 0 0 0 0 0 0 0 0 0 0 0 0 0 
 1 0 0 0 0 0 0 0 0 0 0 0 0 0 0 0 0 0 0 0 0 




 1 0 0 0 0 0 0 0 0 0 0 0 0 0 0 0 
 1 0 0 0 0 0 0 0 0 0 0 0 0 0 0 0 0 0 0 0 0 0 0 0 0 0 0 0 0 0 0 
 1 0 0 0 0 0 0 0 0 0 0 0 0 0 0 0 0 0 0 0 0 




 1 0 0 0 216 324 0 0 108 0 0 0 108 0 0 0 
 1 0 0 0 0 0 0 0 108 108 0 108 0 0 0 0 0 0 0 0 0 0 0 0 0 0 0 0 0 0 0 
 1 0 0 0 0 0 0 0 0 0 0 0 0 0 0 0 0 0 0 0 0 




 1 0 0 0 0 0 0 0 0 0 0 0 0 0 0 0 
 1 0 0 0 0 0 0 108 0 0 216 216 0 0 0 0 0 0 0 0 0 0 0 0 0 0 0 0 0 0 0 
 1 0 0 0 0 0 0 0 0 0 108 0 0 0 0 0 0 0 0 0 0 




 1 1333 0 0 0 108 0 0 0 0 0 0 0 0 0 0 
 1 0 0 0 0 0 0 0 0 0 0 0 0 0 0 0 0 0 0 0 0 0 0 0 0 0 0 0 0 0 0 
 1 0 0 0 0 0 0 0 0 0 0 0 0 0 0 0 0 0 0 0 0 
 



 1 0 0 0 0 0 0 0 0 0 0 0 0 0 0 0 
 1 0 0 0 0 0 0 0 0 0 0 0 0 0 0 0 0 0 0 0 0 0 0 0 0 0 0 0 0 0 0 
 1 0 0 0 0 0 0 0 0 108 0 0 0 0 0 0 0 0 0 0 0 




 1 0 3999 0 0 108 108 0 0 0 0 108 0 0 0 0 
 1 0 0 0 0 0 0 0 0 0 108 108 0 0 0 0 0 0 0 0 0 0 0 0 0 0 0 0 0 0 0 
 1 0 0 0 0 0 0 0 108 0 0 0 0 0 0 0 0 0 0 0 0 




 1 0 0 0 0 0 0 0 0 0 0 0 0 0 0 0 
 1 0 0 0 0 0 0 0 0 0 0 0 0 0 0 0 0 0 0 0 0 0 0 0 0 0 0 0 0 0 0 
 1 0 0 0 0 0 0 0 0 0 0 0 0 0 0 0 0 0 0 0 0 




 1 0 0 0 0 0 0 0 0 0 0 0 0 0 0 0 
 1 0 1333 0 0 0 0 0 0 0 0 108 0 0 0 0 0 0 0 0 0 0 0 0 0 0 0 0 0 0 0 
 1 0 0 0 0 0 0 0 0 0 0 0 0 0 0 0 0 0 0 0 0 




 1 0 0 0 0 0 0 0 0 0 0 0 0 0 0 0 
 1 0 0 0 0 0 0 0 0 0 0 0 0 0 0 0 0 0 0 0 0 0 0 0 0 0 0 0 0 0 0 
 1 0 0 0 0 0 0 0 0 0 0 0 0 0 0 0 0 0 0 0 0 




 1 0 0 0 0 0 0 0 0 0 0 0 0 0 0 0 
 1 0 0 0 0 0 0 0 0 0 0 0 0 0 0 0 0 0 0 0 0 0 0 0 0 0 0 0 0 0 0 
 1 0 0 0 0 0 0 0 0 0 0 0 0 0 0 0 0 0 0 0 0 




 1 0 0 0 432 540 0 0 0 0 0 0 0 0 0 0 
 1 0 0 0 0 0 0 0 0 0 324 216 0 0 0 0 0 0 0 0 0 0 0 0 0 0 0 0 0 0 0 
 1 0 0 0 0 0 0 0 0 0 0 0 0 0 0 0 0 0 0 0 0 




 1 0 0 0 0 0 0 0 0 0 0 0 0 0 0 0 
 1 0 0 0 0 0 0 0 0 0 108 0 0 0 0 0 0 0 0 0 0 0 0 0 0 0 0 0 0 0 0 
 1 0 0 0 0 0 0 0 108 0 0 0 0 0 0 0 0 0 0 0 0 




 1 0 2666 0 108 0 108 0 108 0 0 0 0 0 0 0 
 1 0 0 0 0 0 0 0 0 0 0 0 0 0 0 0 0 0 0 0 0 0 0 0 0 0 0 0 0 0 0 
 1 0 0 0 0 0 0 0 0 0 0 0 0 0 0 0 0 0 0 0 0 




 1 0 2666 0 324 216 0 0 216 108 0 0 0 0 0 0 
 1 0 0 0 0 0 108 0 0 0 0 0 0 0 0 0 0 0 0 0 0 0 0 0 0 0 0 0 0 0 0 
 1 0 0 0 0 0 0 0 0 0 0 0 0 0 0 0 0 0 0 0 0 




 1 0 0 0 0 216 0 108 0 108 0 108 0 0 0 0 
 1 0 0 0 0 0 0 0 0 0 0 0 0 0 0 0 0 0 0 0 0 0 0 0 0 0 0 0 0 0 0 
 1 0 0 0 0 0 0 0 0 108 0 0 0 0 0 0 0 0 0 0 0 




 1 2666 0 0 0 0 0 0 0 0 0 0 0 0 0 0 
 1 0 0 0 0 0 0 0 0 0 108 0 0 0 0 0 0 0 0 0 0 0 0 0 0 0 0 0 0 0 0 
 1 0 0 0 0 0 0 0 0 0 0 0 0 0 0 0 0 0 0 0 0 



 1 0 0 0 0 0 0 0 0 0 0 0 0 0 0 0 
 1 0 0 0 0 0 0 0 0 108 0 108 0 0 0 0 0 0 0 0 0 0 0 0 0 0 0 0 0 0 0 
 1 0 0 0 0 0 0 0 0 0 108 0 0 0 0 0 0 0 0 0 0 




 1 0 1333 0 0 0 0 0 0 0 0 0 0 0 0 0 
 1 0 0 0 0 0 0 0 0 0 0 0 0 0 0 0 0 0 0 0 0 0 0 0 0 0 0 0 0 0 0 
 1 0 0 0 0 0 0 0 0 0 0 0 0 0 0 0 0 0 0 0 0 




 1 0 0 0 0 0 0 0 0 0 108 0 0 0 0 0 
 1 0 0 0 0 0 0 0 0 0 0 0 0 0 0 0 0 0 0 0 0 0 0 0 0 0 0 0 0 0 0 
 1 0 0 0 0 0 0 0 0 0 0 0 0 0 0 0 0 0 0 0 0 




 1 1333 3999 0 0 0 0 0 0 0 0 0 0 0 0 0 
 1 0 0 0 0 0 108 108 108 0 108 0 0 0 0 0 0 0 0 0 0 0 0 0 0 0 0 0 0 0 0 
 1 0 0 0 0 0 0 0 0 0 0 0 0 0 0 0 0 0 0 0 0 




 1 0 0 0 0 0 0 0 0 0 0 0 0 0 0 0 
 1 0 0 0 0 0 0 0 0 0 0 0 0 0 0 0 0 0 0 0 0 0 0 0 0 0 0 0 0 0 0 
 1 0 0 0 0 0 0 0 0 0 108 0 0 0 0 0 0 0 0 0 0 




 1 0 0 0 0 0 0 0 0 0 0 0 0 0 0 0 
 1 0 0 0 0 0 0 108 0 108 216 216 0 0 0 0 0 0 0 0 0 0 0 0 0 0 0 0 0 0 0 
 1 0 0 0 0 0 0 0 108 0 0 0 0 0 0 0 0 0 0 0 0 




 1 0 0 0 0 0 0 0 0 0 0 0 0 0 0 0 
 1 0 2666 0 0 0 0 0 0 0 0 0 0 0 0 0 0 0 0 0 0 0 0 0 0 0 0 0 0 0 0 
 1 0 0 0 0 0 0 0 0 0 0 0 0 0 0 0 0 0 0 0 0 




 1 0 0 0 1333 0 0 0 0 0 0 0 0 0 0 0 
 1 0 0 0 0 0 0 0 0 0 0 0 0 0 0 0 0 0 0 0 0 0 0 0 0 0 0 0 0 0 0 
 1 0 0 0 0 0 0 0 0 0 0 0 0 0 0 0 0 0 0 0 0 




 1 0 0 0 0 0 0 108 0 0 0 0 0 0 0 0 
 1 0 0 0 0 0 0 0 0 0 0 0 0 0 0 0 0 0 0 0 0 0 0 0 0 0 0 0 0 0 0 
 1 0 0 0 0 0 108 0 0 0 0 0 0 0 0 0 0 0 0 0 0 



 1 1333 0 0 0 108 108 0 0 0 0 0 0 0 0 0 
 1 0 0 1333 0 0 0 108 0 108 0 0 0 0 0 0 0 0 0 0 0 0 0 0 0 0 0 0 0 0 0 
 1 0 0 0 0 0 0 0 0 0 216 0 0 0 0 0 0 0 0 0 0 




 1 0 0 0 0 0 0 0 0 0 0 0 0 0 0 0 
 1 0 0 0 0 0 0 0 0 0 0 0 0 0 0 0 0 0 0 0 0 0 0 0 0 0 0 0 0 0 0 
 1 0 0 0 0 0 0 0 0 0 216 0 0 0 0 0 0 0 0 0 0 




 1 1333 1333 0 108 0 0 0 0 108 0 0 0 0 0 0 
 1 0 0 0 0 0 0 0 0 0 0 0 0 0 0 0 0 0 0 0 0 0 0 0 0 0 0 0 0 0 0 
 1 0 0 0 0 0 0 0 0 0 0 0 0 0 0 0 0 0 0 0 0 




 1 1333 0 0 0 0 0 0 0 0 0 0 0 0 0 0 
 1 0 0 0 0 0 0 0 0 0 0 0 0 0 0 0 0 0 0 0 0 0 0 0 0 0 0 0 0 0 0 
 1 0 0 0 0 0 0 0 0 0 0 0 0 0 0 0 0 0 0 0 0 




 1 0 1333 1333 0 0 0 0 108 108 0 0 0 0 0 0 
 1 0 0 0 0 0 0 108 0 0 0 0 0 0 0 0 0 0 0 0 0 0 0 0 0 0 0 0 0 0 0 
 1 0 0 0 0 0 0 0 0 0 0 0 0 0 0 0 0 0 0 0 0 




 1 0 0 0 0 0 0 0 0 0 0 0 0 0 0 0 
 1 0 0 0 0 0 0 0 0 0 0 0 0 0 0 0 0 0 0 0 0 0 0 0 0 0 0 0 0 0 0 
 1 0 0 0 0 0 108 0 0 0 0 0 0 0 0 0 0 0 0 0 0 




 1 0 0 0 216 0 0 0 0 0 0 0 108 0 0 0 
 1 0 0 0 0 0 0 0 0 0 0 108 0 0 0 0 0 0 0 0 0 0 0 0 0 0 0 0 0 0 0 
 1 0 0 0 0 0 0 0 0 0 0 0 0 0 0 0 0 0 0 0 0 



 1 0 0 0 108 0 108 0 0 0 0 0 0 0 0 0 
 1 0 0 0 0 0 0 0 0 0 0 0 0 0 0 0 0 0 0 0 0 0 0 0 0 0 0 0 0 0 0 
 1 0 0 0 0 0 0 0 0 0 0 0 0 0 0 0 0 0 0 0 0 



 1 1333 0 0 0 0 0 0 0 0 0 0 0 0 0 0 
 1 0 0 0 0 0 0 0 0 0 0 0 0 0 0 0 0 0 0 0 0 0 0 0 0 0 0 0 0 0 0 
 1 0 0 0 0 0 0 0 0 0 108 0 0 0 0 0 0 0 0 0 0 




 1 0 0 0 0 0 0 0 0 0 0 0 0 0 0 0 
 1 0 0 0 0 0 0 0 0 0 0 0 0 0 0 0 0 0 0 0 0 0 0 0 0 0 0 0 0 0 0 
 1 0 0 0 0 0 0 0 0 0 0 0 0 0 0 0 0 0 0 0 0 




 1 0 0 0 0 0 0 0 0 0 0 0 0 0 0 0 
 1 0 0 0 0 0 0 0 0 0 216 0 0 0 0 0 0 0 0 0 0 0 0 0 0 0 0 0 0 0 0 
 1 0 0 0 0 0 0 0 0 0 0 0 0 0 0 0 0 0 0 0 0 




 1 0 0 0 0 108 216 108 108 0 0 0 108 0 0 0 
 1 0 0 0 0 0 0 0 0 0 0 0 0 0 0 0 0 0 0 0 0 0 0 0 0 0 0 0 0 0 0 
 1 0 0 0 0 0 0 0 0 0 0 0 0 0 0 0 0 0 0 0 0 




 1 0 0 0 0 0 0 0 0 0 0 0 0 0 0 0 
 1 0 0 0 0 0 0 0 0 0 0 0 0 0 0 0 0 0 0 0 0 0 0 0 0 0 0 0 0 0 0 
 1 0 0 0 0 0 0 0 0 0 0 0 0 0 0 0 0 0 0 0 0 




 1 3999 7998 0 0 0 0 108 0 0 0 0 0 0 0 0 
 1 0 0 0 0 0 0 0 0 0 216 0 0 0 0 0 0 0 0 0 0 0 0 0 0 0 0 0 0 0 0 
 1 0 0 0 0 0 0 0 0 0 0 0 0 0 0 0 0 0 0 0 0 




 1 0 1333 0 108 0 0 0 0 0 0 0 0 0 0 0 
 1 0 0 0 0 0 0 0 0 0 0 0 0 0 0 0 0 0 0 0 0 0 0 0 0 0 0 0 0 0 0 
 1 0 0 0 0 0 0 0 0 0 0 0 0 0 0 0 0 0 0 0 0 




 1 0 0 0 0 0 0 0 0 0 0 0 0 0 0 0 
 1 0 0 0 0 0 0 0 0 0 0 0 0 0 0 0 0 0 0 0 0 0 0 0 0 0 0 0 0 0 0 
 1 0 0 0 0 0 0 0 0 108 0 0 0 0 0 0 0 0 0 0 0 




 1 0 2666 0 324 0 0 0 0 0 0 0 0 0 0 0 
 1 0 0 0 0 0 0 0 0 0 0 0 0 0 0 0 0 0 0 0 0 0 0 0 0 0 0 0 0 0 0 
 1 0 0 0 0 0 0 0 0 0 0 0 0 0 0 0 0 0 0 0 0 




 1 1333 0 0 0 0 0 0 0 0 0 0 108 0 0 0 
 1 0 0 0 0 0 0 0 0 0 0 0 0 0 0 0 0 0 0 0 0 0 0 0 0 0 0 0 0 0 0 
 1 0 0 0 0 0 0 0 0 0 0 0 0 0 0 0 0 0 0 0 0 



 1 0 0 0 0 0 0 0 0 0 0 0 0 0 0 0 
 1 0 0 0 0 0 0 0 0 0 0 0 0 0 0 0 0 0 0 0 0 0 0 0 0 0 0 0 0 0 0 
 1 0 0 0 0 0 0 0 0 0 0 0 0 0 0 0 0 0 0 0 0 




 1 0 0 0 0 0 0 0 0 0 0 0 0 0 0 0 
 1 0 0 0 0 0 0 0 0 0 0 0 0 0 0 0 0 0 0 0 0 0 0 0 0 0 0 0 0 0 0 
 1 0 0 0 0 0 0 0 0 0 0 0 0 0 0 0 0 0 0 0 0 




 1 2666 1333 0 324 0 0 0 0 0 108 0 0 0 0 0 
 1 0 0 0 0 0 0 0 0 0 0 0 0 0 0 0 0 0 0 0 0 0 0 0 0 0 0 0 0 0 0 
 1 0 0 0 0 0 0 0 0 0 0 0 0 0 0 0 0 0 0 0 0 




 1 1333 1333 0 216 108 0 0 0 0 0 0 108 0 0 0 
 1 0 0 0 0 0 108 0 0 108 0 0 0 0 0 0 0 0 0 0 0 0 0 0 0 0 0 0 0 0 0 
 1 0 0 0 0 0 0 0 0 0 0 0 0 0 0 0 0 0 0 0 0 




 1 0 0 0 0 0 0 0 0 0 0 108 0 0 0 0 
 1 0 0 0 0 0 0 0 0 0 0 0 0 0 0 0 0 0 0 0 0 0 0 0 0 0 0 0 0 0 0 
 1 0 0 0 0 0 0 0 0 0 0 0 0 0 0 0 0 0 0 0 0 




 1 0 0 0 0 0 0 108 0 0 0 0 0 0 0 0 
 1 0 0 0 0 0 0 0 0 0 0 0 0 0 0 0 0 0 0 0 0 0 0 0 0 0 0 0 0 0 0 
 1 0 0 0 0 0 0 0 0 0 0 0 0 0 0 0 0 0 0 0 0 




 1 0 1333 0 0 216 0 108 108 108 0 108 108 0 0 0 
 1 0 0 0 0 0 0 0 0 108 108 108 0 0 0 0 0 0 0 0 0 0 0 0 0 0 0 0 0 0 0 
 1 0 0 0 0 108 0 0 0 0 0 0 0 0 0 0 0 0 0 0 0 




 1 0 0 0 216 108 108 0 0 0 0 0 0 0 0 0 
 1 0 0 0 0 0 108 0 216 108 108 108 0 0 0 0 0 0 0 0 0 0 0 0 0 0 0 0 0 0 0 
 1 0 0 0 0 0 0 0 0 0 0 0 0 0 0 0 0 0 0 0 0 




 1 2666 1333 0 108 108 0 108 0 0 0 0 0 0 0 0 
 1 0 0 0 0 0 0 108 108 108 216 108 0 0 0 0 0 0 0 0 0 0 0 0 0 0 0 0 0 0 0 
 1 0 0 0 0 0 0 216 0 0 0 0 0 0 0 0 0 0 0 0 0 




 1 0 1333 0 0 432 0 0 0 108 0 0 0 0 0 0 
 1 0 0 0 0 0 0 0 108 108 216 0 0 0 0 0 0 0 0 0 0 0 0 0 0 0 0 0 0 0 0 
 1 0 0 0 0 0 0 0 0 0 0 0 0 0 0 0 0 0 0 0 0 




 1 0 0 0 108 0 108 108 0 0 0 0 0 0 0 0 
 1 0 0 0 0 0 0 0 216 0 0 108 0 0 0 0 0 0 0 0 0 0 0 0 0 0 0 0 0 0 0 
 1 0 0 0 0 0 0 0 0 0 0 0 0 0 0 0 0 0 0 0 0 




 1 1333 5332 0 0 216 0 0 0 0 0 0 0 0 0 0 
 1 0 0 0 0 0 0 0 0 0 0 0 0 0 0 0 0 0 0 0 0 0 0 0 0 0 0 0 0 0 0 
 1 0 0 0 0 0 0 0 0 0 0 0 0 0 0 0 0 0 0 0 0 




 1 0 0 0 0 108 108 108 0 108 216 0 0 0 0 0 
 1 0 0 0 0 0 0 0 0 0 0 0 0 0 0 0 0 0 0 0 0 0 0 0 0 0 0 0 0 0 0 
 1 0 0 0 0 0 0 0 0 0 0 0 0 0 0 0 0 0 0 0 0 




 1 2666 1333 1333 216 432 0 0 0 108 0 0 0 0 0 0 
 1 0 0 0 0 0 324 108 0 108 0 108 0 0 0 0 0 0 0 0 0 0 0 0 0 0 0 0 0 0 0 
 1 0 0 0 0 0 0 0 0 0 0 0 0 0 0 0 0 0 0 0 0 




 1 7998 6665 0 0 108 0 0 0 0 0 0 0 0 0 0 
 1 0 0 0 0 0 108 0 0 0 0 0 0 0 0 0 0 0 0 0 0 0 0 0 0 0 0 0 0 0 0 
 1 0 0 0 0 0 0 0 0 0 0 0 0 0 0 0 0 0 0 0 0 




 1 0 2666 1333 108 0 216 216 0 0 0 0 0 0 0 0 
 1 0 0 0 0 0 0 0 0 216 432 324 0 0 0 0 0 0 0 0 0 0 0 0 0 0 0 0 0 0 0 
 1 0 0 0 0 0 0 0 0 0 0 0 0 0 0 0 0 0 0 0 0 




 1 0 1333 1333 0 216 0 0 0 108 0 0 0 0 0 0 
 1 0 0 0 0 0 108 0 0 0 0 0 0 0 0 0 0 0 0 0 0 0 0 0 0 0 0 0 0 0 0 
 1 0 0 0 0 0 0 0 0 0 0 0 0 0 0 0 0 0 0 0 0 




 1 0 3999 0 108 216 324 108 0 0 0 0 0 0 0 0 
 1 0 0 0 0 0 0 0 0 0 324 324 0 0 0 0 0 0 0 0 0 0 0 0 0 0 0 0 0 0 0 
 1 0 0 0 0 0 0 0 0 0 0 0 0 0 0 0 0 0 0 0 0 



 1 0 0 0 324 0 108 216 216 0 0 0 0 0 0 0 
 1 0 0 0 0 0 0 0 0 0 0 0 0 0 0 0 0 0 0 0 0 0 0 0 0 0 0 0 0 0 0 
 1 0 0 0 0 0 0 0 0 0 0 0 0 0 0 0 0 0 0 0 0 




 1 0 1333 0 0 108 0 0 0 0 0 0 0 0 0 0 
 1 0 0 0 0 0 0 0 0 108 0 0 0 0 0 0 0 0 0 0 0 0 0 0 0 0 0 0 0 0 0 
 1 0 0 0 0 0 0 0 0 0 0 0 0 0 0 0 0 0 0 0 0 




 1 1333 0 0 0 0 0 0 0 0 0 0 0 0 0 0 
 1 0 0 0 0 0 0 108 0 0 0 0 0 0 0 0 0 0 0 0 0 0 0 0 0 0 0 0 0 0 0 
 1 0 0 0 0 0 0 0 0 0 0 0 0 0 0 0 0 0 0 0 0 




 1 0 0 0 0 0 0 0 0 0 0 0 0 0 0 0 
 1 0 0 0 0 0 0 0 0 0 0 0 0 0 0 0 0 0 0 0 0 0 0 0 0 0 0 0 0 0 0 
 1 0 0 0 0 0 0 0 0 0 0 0 0 0 0 0 0 0 0 0 0 




 1 1333 0 0 0 0 0 0 0 0 0 0 0 0 0 0 
 1 0 0 0 0 0 0 0 0 0 0 0 0 0 0 0 0 0 0 0 0 0 0 0 0 0 0 0 0 0 0 
 1 0 0 0 0 0 0 0 0 0 0 0 0 0 0 0 0 0 0 0 0 
 



 1 0 0 0 0 0 0 0 0 0 0 0 0 0 0 0 
 1 0 0 0 0 0 108 0 0 0 216 0 0 0 0 0 0 0 0 0 0 0 0 0 0 0 0 0 0 0 0 
 1 0 0 0 0 0 0 0 0 0 0 0 0 0 0 0 0 0 0 0 0 



 1 1333 2666 0 108 216 0 0 108 0 0 0 0 0 0 0 
 1 0 0 0 0 0 108 108 108 108 216 108 108 0 0 0 0 0 0 0 0 0 0 0 0 0 0 0 0 0 0 
 1 0 0 0 0 0 0 0 0 0 108 0 0 0 0 0 0 0 0 0 0 




 1 0 0 0 0 0 0 0 0 0 0 0 0 0 0 0 
 1 0 0 0 0 0 0 0 0 0 0 0 0 0 0 0 0 0 0 0 0 0 0 0 0 0 0 0 0 0 0 
 1 0 0 0 0 0 0 0 0 0 0 0 0 0 0 0 0 0 0 0 0 




 1 0 0 0 0 0 0 0 0 0 0 0 0 0 0 0 
 1 0 0 0 0 0 0 0 0 0 0 0 0 0 0 0 0 0 0 0 0 0 0 0 0 0 0 0 0 0 0 
 1 0 0 0 0 0 0 0 0 0 0 0 0 0 0 0 0 0 0 0 0 




 1 0 0 0 0 0 0 0 0 0 0 0 0 0 0 0 
 1 0 0 0 0 0 0 0 0 0 108 0 0 0 0 0 0 0 0 0 0 0 0 0 0 0 0 0 0 0 0 
 1 0 0 0 0 0 0 0 0 0 0 0 0 0 0 0 0 0 0 0 0 



 1 3999 0 1333 216 324 108 108 0 0 0 108 0 0 0 0 
 1 0 0 0 0 0 0 108 108 216 108 216 0 0 0 0 0 0 0 0 0 0 0 0 0 0 0 0 0 0 0 
 1 0 0 0 0 0 0 0 0 0 0 0 0 0 0 0 0 0 0 0 0 




 1 0 0 0 0 0 0 0 0 0 0 0 0 0 0 0 
 1 0 0 0 0 0 0 0 0 0 0 0 0 0 0 0 0 0 0 0 0 0 0 0 0 0 0 0 0 0 0 
 1 0 0 0 0 0 0 0 0 0 0 0 0 0 0 0 0 0 0 0 0 




 1 0 0 0 0 0 0 0 0 0 0 0 0 0 0 0 
 1 0 0 0 0 0 0 0 0 0 0 0 0 0 0 0 0 0 0 0 0 0 0 0 0 0 0 0 0 0 0 
 1 0 0 0 0 0 0 0 0 0 0 0 0 0 0 0 0 0 0 0 0 




 1 0 0 0 0 0 0 0 0 0 0 0 0 0 0 0 
 1 0 0 0 0 0 0 0 0 0 0 0 0 0 0 0 0 0 0 0 0 0 0 0 0 0 0 0 0 0 0 
 1 0 0 0 0 0 0 0 0 0 0 0 0 0 0 0 0 0 0 0 0 




 1 0 0 0 0 0 0 0 0 0 0 0 0 0 0 0 
 1 0 0 0 0 0 0 0 0 0 0 0 0 0 0 0 0 0 0 0 0 0 0 0 0 0 0 0 0 0 0 
 1 0 0 0 0 0 0 0 0 0 0 0 0 0 0 0 0 0 0 0 0 




 1 0 0 0 0 108 0 0 0 0 0 0 0 0 0 0 
 1 0 0 0 0 0 0 0 0 0 0 0 0 0 0 0 0 0 0 0 0 0 0 0 0 0 0 0 0 0 0 
 1 0 0 0 0 0 0 0 0 0 0 0 0 0 0 0 0 0 0 0 0 




 1 0 0 0 0 0 0 0 0 0 0 0 0 0 0 0 
 1 0 0 0 0 0 0 0 0 0 0 0 0 0 0 0 0 0 0 0 0 0 0 0 0 0 0 0 0 0 0 
 1 0 0 0 0 0 0 0 0 0 0 0 0 0 0 0 0 0 0 0 0 




 1 0 0 0 0 0 0 0 0 0 0 0 0 0 0 0 
 1 0 0 0 0 0 0 0 0 0 0 0 0 0 0 0 0 0 0 0 0 0 0 0 0 0 0 0 0 0 0 
 1 0 0 0 0 0 216 0 0 0 108 0 0 0 0 0 0 0 0 0 0 



 1 0 0 0 0 0 0 0 216 0 0 0 0 0 0 0 
 1 0 0 0 0 0 0 0 0 108 0 0 0 0 0 0 0 0 0 0 0 0 0 0 0 0 0 0 0 0 0 
 1 0 0 0 0 0 0 0 0 0 0 0 0 0 0 0 0 0 0 0 0 




 1 0 0 0 0 0 0 0 0 0 0 0 0 0 0 0 
 1 0 0 0 0 0 0 108 0 108 0 0 108 0 0 0 0 0 0 0 0 0 0 0 0 0 0 0 0 0 0 
 1 0 0 0 0 0 0 0 0 0 0 0 0 0 0 0 0 0 0 0 0 




 1 1333 0 0 0 0 0 0 0 0 0 0 0 0 0 0 
 1 0 0 0 0 0 0 0 0 0 0 0 0 0 0 0 0 0 0 0 0 0 0 0 0 0 0 0 0 0 0 
 1 0 0 0 0 0 0 0 0 0 0 0 0 0 0 0 0 0 0 0 0 




 1 0 0 0 0 0 0 0 0 0 0 0 0 0 0 0 
 1 0 0 0 0 0 0 108 216 540 324 108 0 0 0 0 0 0 0 0 0 0 0 0 0 0 0 0 0 0 0 
 1 0 0 0 0 0 0 0 0 0 0 0 0 0 0 0 0 0 0 0 0 




 1 0 0 0 0 0 0 0 0 0 0 0 0 0 0 0 
 1 0 0 0 0 0 0 0 0 0 0 0 0 0 0 0 0 0 0 0 0 0 0 0 0 0 0 0 0 0 0 
 1 0 0 0 0 0 0 0 0 108 216 0 0 0 0 0 0 0 0 0 0 




 1 0 1333 0 0 0 0 0 0 0 108 0 0 0 0 0 
 1 0 0 0 0 0 0 0 0 0 0 0 0 0 0 0 0 0 0 0 0 0 0 0 0 0 0 0 0 0 0 
 1 0 1333 0 0 0 0 0 0 0 0 0 0 0 0 0 0 0 0 0 0 




 1 0 3999 0 0 108 0 0 0 0 0 0 0 0 0 0 
 1 0 0 0 0 0 0 0 0 0 0 0 0 0 0 0 0 0 0 0 0 0 0 0 0 0 0 0 0 0 0 
 1 0 0 0 0 108 0 0 0 0 108 0 0 0 0 0 0 0 0 0 0 




 1 0 0 0 0 0 0 0 0 0 0 0 0 0 0 0 
 1 0 0 0 0 0 0 0 0 0 0 0 0 0 0 0 0 0 0 0 0 0 0 0 0 0 0 0 0 0 0 
 1 0 0 0 0 0 0 0 0 0 0 0 0 0 0 0 0 0 0 0 0 




 1 0 0 0 108 0 0 0 0 0 0 0 0 0 0 0 
 1 0 0 0 0 0 0 0 0 0 0 0 0 0 0 0 0 0 0 0 0 0 0 0 0 0 0 0 0 0 0 
 1 0 0 0 0 0 0 0 0 0 0 0 0 0 0 0 0 0 0 0 0 
 



 1 1333 1333 0 0 0 0 0 0 0 0 0 0 0 0 0 
 1 0 0 0 0 0 0 0 0 0 0 0 0 0 0 0 0 0 0 0 0 0 0 0 0 0 0 0 0 0 0 
 1 0 0 0 0 0 0 0 0 0 0 0 0 0 0 0 0 0 0 0 0 
 



 1 2666 3999 0 108 0 0 108 108 0 0 0 0 0 0 0 
 1 0 0 0 0 0 0 0 0 0 0 0 0 0 0 0 0 0 0 0 0 0 0 0 0 0 0 0 0 0 0 
 1 0 0 0 0 0 0 0 0 0 0 0 0 0 0 0 0 0 0 0 0 




 1 3999 1333 2666 0 0 0 0 0 0 0 0 0 0 0 0 
 1 0 0 0 0 0 0 0 0 0 0 0 0 0 0 0 0 0 0 0 0 0 0 0 0 0 0 0 0 0 0 
 1 0 0 0 0 0 0 0 0 0 0 0 0 0 0 0 0 0 0 0 0 




 1 0 0 0 0 0 0 0 0 0 0 0 0 0 0 0 
 1 0 0 0 0 0 0 0 0 0 0 0 0 0 0 0 0 0 0 0 0 0 0 0 0 0 0 0 0 0 0 
 1 0 0 0 0 0 0 0 0 0 0 0 0 0 0 0 0 0 0 0 0 



 1 0 3999 0 108 216 0 0 0 0 0 0 0 0 0 0 
 1 0 0 0 0 0 0 0 0 108 0 0 0 0 0 0 0 0 0 0 0 0 0 0 0 0 0 0 0 0 0 
 1 0 0 0 0 0 0 0 0 0 0 0 0 0 0 0 0 0 0 0 0 




 1 0 0 0 0 0 216 108 0 0 0 0 0 0 0 0 
 1 0 0 0 0 0 0 0 108 0 0 324 0 0 0 0 0 0 0 0 0 0 0 0 0 0 0 0 0 0 0 
 1 0 0 0 0 0 0 0 0 0 0 0 0 0 0 0 0 0 0 0 0 




 1 0 2666 0 0 108 0 0 0 0 0 0 0 0 0 0 
 1 0 0 0 0 0 0 0 0 0 0 0 0 0 0 0 0 0 0 0 0 0 0 0 0 0 0 0 0 0 0 
 1 0 0 0 0 0 0 0 0 0 0 0 0 0 0 0 0 0 0 0 0 




 1 0 0 0 0 0 0 0 0 0 0 0 0 0 0 0 
 1 0 0 0 0 0 0 0 0 0 0 0 0 0 0 0 0 0 0 0 0 0 0 0 0 0 0 0 0 0 0 
 1 0 0 0 0 0 0 0 0 0 0 0 0 0 0 0 0 0 0 0 0 




 1 1333 1333 0 108 108 0 0 0 0 0 0 0 0 0 0 
 1 0 0 0 0 0 0 0 0 0 0 0 0 0 0 0 0 0 0 0 0 0 0 0 0 0 0 0 0 0 0 
 1 0 0 0 0 0 0 0 0 0 0 0 0 0 0 0 0 0 0 0 0 




 1 1333 9331 1333 540 432 108 0 0 0 0 0 0 0 0 0 
 1 0 0 1333 0 0 324 108 108 0 0 0 0 0 0 0 0 0 0 0 0 0 0 0 0 0 0 0 0 0 0 
 1 0 0 0 0 0 0 0 0 0 0 0 0 0 0 0 0 0 0 0 0 




 1 1333 0 0 0 108 0 216 0 0 0 0 108 0 0 0 
 1 0 0 0 0 0 0 0 0 0 0 108 0 0 0 0 0 0 0 0 0 0 0 0 0 0 0 0 0 0 0 
 1 0 0 0 0 0 0 108 216 216 432 0 0 0 0 0 0 0 0 0 0 




 1 0 0 0 432 108 108 216 324 0 0 0 0 0 0 0 
 1 0 0 0 0 0 0 0 108 108 108 0 0 0 0 0 0 0 0 0 0 0 0 0 0 0 0 0 0 0 0 
 1 0 0 0 0 0 0 0 0 0 0 0 0 0 0 0 0 0 0 0 0 




 1 1333 0 1333 0 0 324 0 108 0 0 108 0 0 0 0 
 1 0 0 0 0 0 108 324 216 0 0 108 0 0 0 0 0 0 0 0 0 0 0 0 0 0 0 0 0 0 0 
 1 0 0 0 0 0 0 0 0 0 0 0 0 0 0 0 0 0 0 0 0 




 1 0 1333 2666 324 0 0 0 108 0 0 0 0 0 0 0 
 1 0 0 0 0 0 0 0 0 0 0 0 0 108 0 0 0 0 0 0 0 0 0 0 0 0 0 0 0 0 0 
 1 0 0 0 0 0 0 0 0 0 108 0 0 0 0 0 0 0 0 0 0 




 1 0 0 0 216 108 0 0 0 0 0 0 0 0 0 0 
 1 0 0 0 0 0 0 0 0 0 0 0 0 0 0 0 0 0 0 0 0 0 0 0 0 0 0 0 0 0 0 
 1 0 0 0 0 0 0 0 108 108 108 0 0 0 0 0 0 0 0 0 0 




 1 1333 0 0 216 0 216 0 0 0 0 0 0 0 0 0 
 1 0 0 0 0 0 0 0 0 0 0 0 0 0 0 0 0 0 0 0 0 0 0 0 0 0 0 0 0 0 0 
 1 0 0 0 0 0 0 0 0 0 0 0 0 0 0 0 0 0 0 0 0 




 1 1333 2666 0 432 108 324 324 108 108 108 216 0 0 0 0 
 1 0 0 0 0 0 0 0 0 0 0 0 0 0 0 0 0 0 0 0 0 0 0 0 0 0 0 0 0 0 0 
 1 0 0 0 0 0 0 0 0 0 0 0 0 0 0 0 0 0 0 0 0 




 1 0 0 0 216 108 0 108 0 108 0 0 0 0 0 0 
 1 0 0 0 0 0 216 0 0 108 324 324 0 0 0 0 0 0 0 0 0 0 0 0 0 0 0 0 0 0 0 
 1 0 0 0 0 0 0 0 0 0 108 0 0 0 0 0 0 0 0 0 0 




 1 0 0 1333 1549 540 0 0 108 0 0 0 0 0 0 0 
 1 0 0 0 0 0 0 0 0 0 0 0 0 0 0 0 0 0 0 0 0 0 0 0 0 0 0 0 0 0 0 
 1 0 0 0 0 0 0 0 0 0 0 0 0 0 0 0 0 0 0 0 0 




 1 0 0 0 0 0 0 0 0 0 0 0 0 0 0 0 
 1 0 0 0 0 0 0 0 0 0 0 0 0 0 0 0 0 0 0 0 0 0 0 0 0 0 0 0 0 0 0 
 1 0 0 0 0 0 0 0 0 0 0 0 0 0 0 0 0 0 0 0 0 




 1 0 0 0 0 0 0 0 108 0 0 0 0 0 0 0 
 1 0 0 0 0 0 0 0 0 0 0 0 0 0 0 0 0 0 0 0 0 0 0 0 0 0 0 0 0 0 0 
 1 0 0 0 0 0 0 0 0 0 108 0 0 0 0 0 0 0 0 0 0 




 1 0 1333 0 324 0 0 0 0 0 0 0 0 0 0 0 
 1 0 0 0 0 0 0 0 0 0 0 0 0 0 0 0 0 0 0 0 0 0 0 0 0 0 0 0 0 0 0 
 1 0 0 0 0 0 0 0 0 0 0 0 0 0 0 0 0 0 0 0 0 




 1 0 0 0 0 0 0 0 0 0 0 0 0 0 0 0 
 1 0 0 0 0 0 0 0 0 0 0 0 0 0 0 0 0 0 0 0 0 0 0 0 0 0 0 0 0 0 0 
 1 0 0 0 0 0 0 0 0 0 0 0 0 0 0 0 0 0 0 0 0 




 1 0 1333 1333 0 108 0 0 0 0 0 0 0 0 0 0 
 1 0 0 0 0 0 0 0 0 0 0 0 0 0 0 0 0 0 0 0 0 0 0 0 0 0 0 0 0 0 0 
 1 0 0 0 0 0 0 0 0 0 0 0 0 0 0 0 0 0 0 0 0 
 



 1 1333 0 0 0 108 108 0 216 216 0 0 0 0 0 0 
 1 0 0 0 0 0 0 108 0 108 0 0 0 0 0 0 0 0 0 0 0 0 0 0 0 0 0 0 0 0 0 
 1 0 0 0 0 0 0 0 0 0 0 0 0 0 0 0 0 0 0 0 0 




 1 0 0 0 0 108 108 0 0 0 0 0 0 0 0 0 
 1 0 0 0 0 0 0 0 108 0 0 108 0 0 0 0 0 0 0 0 0 0 0 0 0 0 0 0 0 0 0 
 1 0 0 0 0 0 0 108 0 216 0 0 0 0 0 0 0 0 0 0 0 




 1 0 0 0 0 0 0 0 0 0 0 0 0 0 0 0 
 1 0 0 0 0 0 0 0 0 0 0 0 0 0 0 0 0 0 0 0 0 0 0 0 0 0 0 0 0 0 0 
 1 0 0 0 0 0 0 0 0 0 108 0 0 0 0 0 0 0 0 0 0 




 1 3999 0 0 0 0 0 0 0 0 108 0 0 0 0 0 
 1 0 0 0 0 0 108 0 108 0 216 108 0 0 0 0 0 0 0 0 0 0 0 0 0 0 0 0 0 0 0 
 1 1333 0 0 0 0 0 0 0 0 108 0 0 0 0 0 0 0 0 0 0 
 



 1 5332 3999 0 216 108 0 0 0 0 0 0 0 0 0 0 
 1 0 0 0 0 0 0 0 0 108 0 0 0 0 0 0 0 0 0 0 0 0 0 0 0 0 0 0 0 0 0 
 1 0 0 0 0 0 0 0 0 0 0 0 0 0 0 0 0 0 0 0 0 




 1 0 0 0 0 0 0 108 0 0 0 0 0 0 0 0 
 1 0 0 0 0 0 0 0 108 0 0 0 0 0 0 0 0 0 0 0 0 0 0 0 0 0 0 0 0 0 0 
 1 0 0 0 0 0 0 108 0 0 0 0 0 0 0 0 0 0 0 0 0 




 1 1333 1333 0 216 0 0 108 0 0 0 0 0 0 0 0 
 1 0 0 0 0 0 0 0 0 324 0 648 108 0 0 0 0 0 0 0 0 0 0 0 0 0 0 0 0 0 0 
 1 0 0 0 0 0 108 108 0 0 0 0 0 0 0 0 0 0 0 0 0 




 1 0 1333 0 0 216 0 108 108 108 0 108 0 0 0 0 
 1 0 0 0 0 0 0 108 108 0 0 216 0 0 0 0 0 0 0 0 0 0 0 0 0 0 0 0 0 0 0 
 1 0 0 0 0 0 108 0 0 0 0 0 0 0 0 0 0 0 0 0 0 




 1 0 0 0 108 0 0 216 0 0 0 0 0 0 0 0 
 1 0 0 0 0 0 0 0 0 0 0 0 0 0 0 0 0 0 0 0 0 0 0 0 0 0 0 0 0 0 0 
 1 0 0 0 0 0 108 0 0 108 0 0 0 0 0 0 0 0 0 0 0 




 1 3999 0 0 216 108 108 0 0 0 0 0 0 0 0 0 
 1 0 0 0 0 0 0 0 0 0 0 0 0 0 0 0 0 0 0 0 0 0 0 0 0 0 0 0 0 0 0 
 1 0 0 0 0 0 0 108 0 108 0 0 0 0 0 0 0 0 0 0 0 




 1 0 0 0 0 0 0 0 0 0 0 0 0 0 0 0 
 1 0 0 0 0 0 0 0 108 0 108 216 0 0 0 0 0 0 0 0 0 0 0 0 0 0 0 0 0 0 0 
 1 0 0 0 0 0 0 0 0 0 0 0 0 0 0 0 0 0 0 0 0 




 1 0 0 0 0 0 0 0 0 0 0 0 0 0 0 0 
 1 0 0 0 0 0 0 0 0 0 0 0 0 0 0 0 0 0 0 0 0 0 0 0 0 0 0 0 0 0 0 
 1 0 0 0 0 0 0 0 0 0 0 0 0 0 0 0 0 0 0 0 0 




 1 0 0 0 0 0 0 0 0 0 0 0 0 0 0 0 
 1 1333 0 0 0 0 0 0 0 0 0 0 0 0 0 0 0 0 0 0 0 0 0 0 0 0 0 0 0 0 0 
 1 0 0 0 0 0 0 108 0 0 0 0 0 0 0 0 0 0 0 0 0 




 1 0 0 0 0 0 0 0 0 0 0 0 0 0 0 0 
 1 0 0 0 0 0 0 0 0 0 0 0 0 0 0 0 0 0 0 0 0 0 0 0 0 0 0 0 0 0 0 
 1 0 0 0 0 0 0 0 0 0 0 0 0 0 0 0 0 0 0 0 0 




 1 0 0 0 216 324 0 0 108 0 0 0 108 0 0 0 
 1 0 0 0 0 0 0 0 0 108 108 216 108 0 0 0 0 0 0 0 0 0 0 0 0 0 0 0 0 0 0 
 1 0 0 0 0 0 0 0 0 0 0 0 0 0 0 0 0 0 0 0 0 




 1 0 1333 0 0 0 0 0 0 0 0 0 0 0 0 0 
 1 0 0 0 0 0 0 0 0 0 0 0 0 0 0 0 0 0 0 0 0 0 0 0 0 0 0 0 0 0 0 
 1 0 0 0 0 0 0 0 0 0 108 108 0 0 0 0 0 0 0 0 0 




 1 0 0 0 0 0 0 0 0 0 0 0 0 0 0 0 
 1 0 0 0 0 0 0 0 0 0 0 0 0 0 0 0 0 0 0 0 0 0 0 0 0 0 0 0 0 0 0 
 1 0 0 0 0 0 0 0 0 0 0 0 0 0 0 0 0 0 0 0 0 




 1 0 0 0 0 0 0 0 0 0 0 0 0 0 0 0 
 1 0 0 0 0 0 0 0 0 0 0 0 0 0 0 0 0 0 0 0 0 0 0 0 0 0 0 0 0 0 0 
 1 0 0 0 0 0 0 0 0 0 0 0 0 0 0 0 0 0 0 0 0 




 1 1333 0 1333 0 0 0 0 0 0 0 0 0 0 0 0 
 1 0 0 0 0 0 0 0 0 0 0 0 0 0 0 0 0 0 0 0 0 0 0 0 0 0 0 0 0 0 0 
 1 0 0 0 0 0 0 0 0 0 0 0 0 0 0 0 0 0 0 0 0 




 1 0 0 0 108 0 0 0 0 0 0 0 0 0 0 0 
 1 0 0 0 0 0 0 0 0 0 0 0 0 0 0 0 0 0 0 0 0 0 0 0 0 0 0 0 0 0 0 
 1 0 0 0 0 0 0 0 0 0 0 0 0 0 0 0 0 0 0 0 0 




 1 1333 2666 1333 108 324 432 108 0 0 0 0 0 0 0 0 
 1 0 0 0 0 0 0 0 0 0 0 0 0 0 0 0 0 0 0 0 0 0 0 0 0 0 0 0 0 0 0 
 1 0 0 0 0 0 0 0 0 0 0 0 0 0 0 0 0 0 0 0 0 




 1 2666 6665 3999 108 0 0 0 0 0 0 0 0 0 0 0 
 1 0 2666 1333 0 1333 540 432 0 0 0 0 0 0 0 0 0 0 0 0 0 0 0 0 0 0 0 0 0 0 0 
 1 0 0 0 0 0 0 0 0 0 0 0 0 0 0 0 0 0 0 0 0 




 1 0 0 1333 0 0 0 0 108 0 108 0 0 0 0 0 
 1 0 0 0 0 0 0 0 0 0 0 0 0 0 0 0 0 0 0 0 0 0 0 0 0 0 0 0 0 0 0 
 1 0 0 0 0 0 0 0 0 0 0 0 0 0 0 0 0 0 0 0 0 




 1 2666 1333 0 216 0 108 0 0 0 0 0 0 0 0 0 
 1 0 0 0 0 0 0 0 0 0 0 0 0 0 0 0 0 0 0 0 0 0 0 0 0 0 0 0 0 0 0 
 1 0 0 0 0 0 0 0 0 0 0 0 0 0 0 0 0 0 0 0 0 




 1 0 1333 0 216 324 0 0 108 0 0 216 0 0 0 0 
 1 0 0 0 0 0 0 0 0 0 0 0 0 0 0 0 0 0 0 0 0 0 0 0 0 0 0 0 0 0 0 
 1 0 0 0 0 0 0 0 0 0 0 0 0 0 0 0 0 0 0 0 0 




 1 0 1333 0 0 0 0 0 0 0 0 0 0 0 0 0 
 1 0 0 0 0 0 0 0 0 0 0 0 0 0 0 0 0 0 0 0 0 0 0 0 0 0 0 0 0 0 0 
 1 0 1333 0 0 0 0 540 324 108 0 0 0 0 0 0 0 0 0 0 0 



 1 2666 2666 0 108 0 0 0 0 0 0 0 0 0 0 0 
 1 0 0 0 0 0 0 0 0 0 0 0 0 0 0 0 0 0 0 0 0 0 0 0 0 0 0 0 0 0 0 
 1 0 0 0 0 0 0 0 0 0 0 0 0 0 0 0 0 0 0 0 0 




 1 1333 0 0 0 0 0 0 0 0 0 0 0 0 0 0 
 1 0 0 0 0 0 0 0 0 0 0 0 0 0 0 0 0 0 0 0 0 0 0 0 0 0 0 0 0 0 0 
 1 0 0 0 0 0 0 0 0 0 0 0 0 0 0 0 0 0 0 0 0 




 1 0 0 0 216 216 216 0 0 0 0 0 0 0 0 0 
 1 0 0 0 1333 0 108 0 324 432 0 0 0 0 0 0 0 0 0 0 0 0 0 0 0 0 0 0 0 0 0 
 1 0 0 0 1333 108 432 0 0 0 0 0 0 0 0 0 0 0 0 0 0 




 1 0 0 0 108 648 108 0 108 0 0 108 0 0 0 0 
 1 0 0 0 0 0 108 216 108 108 0 0 0 0 0 0 0 0 0 0 0 0 0 0 0 0 0 0 0 0 0 
 1 0 0 0 0 0 0 0 0 0 0 0 0 0 0 0 0 0 0 0 0 




 1 0 0 0 432 216 0 0 0 0 0 0 0 0 0 0 
 1 0 0 0 0 0 108 0 0 0 108 0 0 0 0 0 0 0 0 0 0 0 0 0 0 0 0 0 0 0 0 
 1 0 0 0 0 0 0 216 432 108 108 0 0 0 0 0 0 0 0 0 0 




 1 0 0 0 0 0 0 0 0 0 0 0 0 0 0 0 
 1 0 0 0 0 0 0 0 0 0 0 0 0 0 0 0 0 0 0 0 0 0 0 0 0 0 0 0 0 0 0 
 1 0 0 0 0 0 0 0 0 0 0 0 0 0 0 0 0 0 0 0 0 




 1 1333 2666 0 108 108 432 0 0 108 0 0 0 0 0 0 
 1 0 0 0 0 0 324 216 432 324 108 0 0 0 0 0 0 0 0 0 0 0 0 0 0 0 0 0 0 0 0 
 1 0 0 0 0 0 0 0 0 0 0 0 0 0 0 0 0 0 0 0 0 




 1 0 0 0 0 0 0 0 0 0 0 0 0 0 0 0 
 1 0 0 0 0 0 0 0 0 0 0 0 0 0 0 0 0 0 0 0 0 0 0 0 0 0 0 0 0 0 0 
 1 0 0 0 0 0 0 0 0 0 0 0 0 0 0 0 0 0 0 0 0 




 1 0 0 0 0 0 0 0 0 0 0 0 0 0 0 0 
 1 0 0 0 0 0 0 0 0 0 0 0 0 0 0 0 0 0 0 0 0 0 0 0 0 0 0 0 0 0 0 
 1 0 0 0 0 0 0 0 0 0 0 0 0 0 0 0 0 0 0 0 0 
 



 1 0 0 0 216 216 0 0 108 0 108 0 0 0 0 0 
 1 0 0 0 1333 1333 108 108 216 432 324 108 0 0 0 0 0 0 0 0 0 0 0 0 0 0 0 0 0 0 0 
 1 0 0 0 0 0 0 0 0 0 0 0 0 0 0 0 0 0 0 0 0 




 1 1333 1333 0 216 216 108 0 0 0 0 0 0 0 0 0 
 1 0 0 0 0 0 0 0 0 0 108 0 0 0 0 0 0 0 0 0 0 0 0 0 0 0 0 0 0 0 0 
 1 0 0 0 0 0 0 0 0 0 0 0 0 0 0 0 0 0 0 0 0 



 1 0 0 0 0 0 0 0 0 0 0 0 0 0 0 0 
 1 0 0 0 0 0 0 0 0 0 0 0 0 0 0 0 0 0 0 0 0 0 0 0 0 0 0 0 0 0 0 
 1 0 0 0 0 0 0 0 0 0 0 0 0 0 0 0 0 0 0 0 0 




 1 0 0 0 108 108 108 0 0 0 0 0 0 0 0 0 
 1 0 0 0 0 0 0 0 216 108 324 108 0 0 0 0 0 0 0 0 0 0 0 0 0 0 0 0 0 0 0 
 1 0 0 0 0 0 0 0 0 108 0 0 0 0 0 0 0 0 0 0 0 



 1 0 1333 0 648 216 108 0 0 0 0 108 0 0 0 0 
 1 0 0 0 0 0 108 108 324 0 108 108 0 0 0 0 0 0 0 0 0 0 0 0 0 0 0 0 0 0 0 
 1 0 0 0 0 0 0 0 0 0 0 0 0 0 0 0 0 0 0 0 0 




 1 0 0 0 0 0 108 0 0 0 0 0 0 0 0 0 
 1 0 0 0 0 0 0 0 0 108 0 0 0 0 0 0 0 0 0 0 0 0 0 0 0 0 0 0 0 0 0 
 1 0 0 0 0 0 0 0 0 0 0 0 0 0 0 0 0 0 0 0 0 




 1 0 0 0 0 0 0 0 108 0 0 0 0 0 0 0 
 1 0 0 0 0 0 0 0 0 0 0 0 0 0 0 0 0 0 0 0 0 0 0 0 0 0 0 0 0 0 0 
 1 0 0 0 0 0 0 0 0 0 0 0 0 0 0 0 0 0 0 0 0 




 1 0 0 0 0 324 108 0 0 0 0 0 0 0 0 0 
 1 0 0 0 0 0 0 0 0 0 0 0 0 0 0 0 0 0 0 0 0 0 0 0 0 0 0 0 0 0 0 
 1 0 0 0 0 0 0 0 0 0 0 0 0 0 0 0 0 0 0 0 0 




 1 0 1333 0 108 108 108 108 0 0 0 0 0 0 0 0 
 1 0 0 0 0 0 0 0 0 108 0 0 0 0 0 0 0 0 0 0 0 0 0 0 0 0 0 0 0 0 0 
 1 0 0 0 0 0 0 0 0 0 0 0 0 0 0 0 0 0 0 0 0 




 1 0 0 0 0 0 0 0 108 0 0 0 0 0 0 0 
 1 0 0 0 0 0 0 0 0 0 0 0 0 0 0 0 0 0 0 0 0 0 0 0 0 0 0 0 0 0 0 
 1 0 0 0 0 0 0 0 0 0 0 0 0 0 0 0 0 0 0 0 0 



 1 0 0 0 0 0 0 0 0 0 0 0 0 0 0 0 
 1 0 0 0 0 0 0 0 0 0 0 0 0 0 0 0 0 0 0 0 0 0 0 0 0 0 0 0 0 0 0 
 1 0 0 0 0 0 0 0 0 0 0 0 0 0 0 0 0 0 0 0 0 




 1 0 0 0 108 0 0 0 0 0 0 0 0 0 0 0 
 1 0 0 0 0 0 0 0 108 0 0 216 0 0 0 0 0 0 0 0 0 0 0 0 0 0 0 0 0 0 0 
 1 0 0 0 0 0 0 0 0 0 0 0 0 0 0 0 0 0 0 0 0 




 1 1333 0 0 216 108 108 0 0 0 0 0 0 0 0 0 
 1 0 0 0 0 0 108 0 108 0 0 0 0 0 0 0 0 0 0 0 0 0 0 0 0 0 0 0 0 0 0 
 1 0 0 0 0 0 0 0 0 0 108 0 0 0 0 0 0 0 0 0 0 




 1 0 0 0 0 0 0 0 0 0 0 0 0 0 0 0 
 1 0 0 0 0 0 0 0 0 0 0 0 0 0 0 0 0 0 0 0 0 0 0 0 0 0 0 0 0 0 0 
 1 0 0 0 0 0 0 0 0 0 0 0 0 0 0 0 0 0 0 0 0 




 1 0 0 0 0 0 0 0 0 0 0 0 0 0 0 0 
 1 0 0 0 0 0 0 0 0 0 0 0 0 0 0 0 0 0 0 0 0 0 0 0 0 0 0 0 0 0 0 
 1 0 0 0 0 0 0 0 0 0 0 0 0 0 0 0 0 0 0 0 0 




 1 2666 5332 1333 0 0 0 0 0 0 0 0 0 0 0 0 
 1 0 0 0 0 108 216 216 0 0 0 108 0 0 0 0 0 0 0 0 0 0 0 0 0 0 0 0 0 0 0 
 1 0 0 0 0 0 0 0 0 0 0 0 0 0 0 0 0 0 0 0 0 




 1 0 0 0 0 0 0 0 0 0 0 0 0 0 0 0 
 1 0 0 0 0 0 0 0 0 0 0 0 0 0 0 0 0 0 0 0 0 0 0 0 0 0 0 0 0 0 0 
 1 0 0 0 0 0 0 0 0 0 0 0 0 0 0 0 0 0 0 0 0 



 1 0 0 1333 0 0 108 108 0 0 0 0 0 0 0 0 
 1 0 0 0 0 0 0 108 0 216 0 0 0 0 0 0 0 0 0 0 0 0 0 0 0 0 0 0 0 0 0 
 1 0 0 0 0 0 0 0 0 0 0 0 0 0 0 0 0 0 0 0 0 
